0 0.940882 0.657194 0.118236 0.113677
2 0.171285 0.769094 0.066311 0.088810
2 0.256542 0.764654 0.071048 0.065719
2 0.209177 0.798401 0.047365 0.097691
2 0.396270 0.730906 0.056838 0.069272
2 0.469686 0.708703 0.061575 0.074600
2 0.531261 0.719361 0.071048 0.074600
2 0.274304 0.536412 0.054470 0.071048
2 0.468502 0.363233 0.054470 0.062167
2 0.492185 0.455595 0.073416 0.055062
2 0.527709 0.486679 0.054470 0.056838
2 0.456661 0.556838 0.054470 0.069272
2 0.481527 0.583481 0.042629 0.076377
2 0.522972 0.616341 0.054470 0.067496
2 0.762167 0.483126 0.049734 0.063943
2 0.875844 0.527531 0.049734 0.063943
2 0.891237 0.601243 0.061575 0.051510
2 0.869923 0.737123 0.061575 0.078153
2 0.923209 0.357904 0.054470 0.065719
2 0.903079 0.090586 0.061575 0.046181
2 0.492185 0.025755 0.040261 0.051510
1 0.804796 0.226465 0.054470 0.047957
1 0.787034 0.142096 0.071048 0.049734
1 0.903079 0.147425 0.066311 0.031972
1 0.956365 0.155417 0.059207 0.037300
1 0.946892 0.199822 0.054470 0.051510
1 0.891237 0.183837 0.066311 0.047957
1 0.459029 0.082593 0.063943 0.055062
1 0.450740 0.030195 0.085258 0.046181
1 0.395086 0.049734 0.063943 0.042629
1 0.395086 0.090586 0.073416 0.060391
1 0.708881 0.710480 0.080521 0.071048
1 0.977590 0.462700 0.044819 0.062167