2 0.524156 0.333925 0.066311 0.078153
2 0.435346 0.890764 0.078153 0.111901
2 0.945707 0.485790 0.056838 0.097691
2 0.981231 0.519538 0.033156 0.058615
1 0.852161 0.709591 0.116045 0.090586
1 0.648490 0.976909 0.106572 0.046181
1 0.970485 0.348135 0.059029 0.095915
1 0.340616 0.134991 0.106572 0.099467
1 0.277857 0.484902 0.118413 0.088810
1 0.283777 0.642096 0.097099 0.079929
1 0.493369 0.484902 0.104204 0.074600
1 0.573890 0.501776 0.085258 0.072824
1 0.451924 0.551510 0.092362 0.072824
1 0.546655 0.577265 0.097099 0.078153
0 0.918384 0.583481 0.163232 0.150977