2 0.591652 0.120782 0.078153 0.099467
2 0.329959 0.404973 0.075784 0.099467
2 0.514683 0.462700 0.066311 0.094139
2 0.545471 0.575488 0.075784 0.092362
2 0.704144 0.569272 0.085258 0.083481
2 0.700592 0.781528 0.068680 0.088810
2 0.505210 0.793073 0.085258 0.090586
1 0.263647 0.805506 0.132623 0.097691
1 0.701776 0.333925 0.094731 0.063943
1 0.802427 0.220249 0.097099 0.078153
0 0.956276 0.333925 0.087448 0.120782
0 0.946803 0.570160 0.106394 0.156306
0 0.900710 0.753108 0.146832 0.120782
0 0.637833 0.643872 0.217880 0.168739