0 0.309828 0.124334 0.130255 0.085258
0 0.371403 0.427176 0.144464 0.126110
0 0.702960 0.504440 0.187093 0.127886
0 0.515867 0.557726 0.172883 0.131439
0 0.661516 0.628774 0.189461 0.149201
0 0.778745 0.797513 0.172883 0.127886
0 0.266015 0.833925 0.198934 0.122558
1 0.560864 0.188277 0.082889 0.056838
1 0.264831 0.199822 0.082889 0.058615
1 0.342984 0.019538 0.087626 0.039076
1 0.062345 0.104796 0.061575 0.042629
1 0.046951 0.157194 0.073416 0.058615
1 0.154707 0.371226 0.089994 0.060391
1 0.049319 0.456483 0.087626 0.053286
2 0.595204 0.290409 0.066311 0.065719
2 0.575074 0.109236 0.049734 0.058615
2 0.453108 0.028419 0.061575 0.049734
2 0.309828 0.073712 0.059207 0.037300
2 0.359562 0.092362 0.082889 0.042629
2 0.404559 0.174067 0.035524 0.056838
2 0.024067 0.039964 0.048134 0.047957
2 0.012226 0.349023 0.024452 0.076377
2 0.055240 0.639432 0.066311 0.071048
2 0.035909 0.834813 0.071818 0.085258
0 0.357194 0.650977 0.177620 0.147425