2 0.496921 0.110124 0.068680 0.099467
2 0.232860 0.404973 0.056838 0.106572
2 0.423505 0.447602 0.063943 0.078153
2 0.463765 0.563943 0.078153 0.083481
2 0.644938 0.555062 0.099467 0.090586
2 0.644938 0.771758 0.085258 0.097691
2 0.422321 0.766430 0.080521 0.090586
1 0.742037 0.189165 0.123150 0.090586
1 0.622439 0.311723 0.116045 0.079929
1 0.190231 0.774423 0.118413 0.078153
0 0.557312 0.634991 0.227353 0.165187
0 0.958644 0.304618 0.082712 0.133215
0 0.943250 0.559503 0.113499 0.170515
0 0.894790 0.762877 0.182356 0.147425