2 0.438899 0.082593 0.047365 0.055062
2 0.705329 0.158082 0.044997 0.042629
2 0.828478 0.139432 0.068680 0.040853
2 0.763351 0.182948 0.071048 0.049734
2 0.943339 0.222913 0.066311 0.051510
2 0.801243 0.262877 0.042629 0.049734
2 0.977590 0.390764 0.044819 0.063943
2 0.435346 0.370337 0.044997 0.062167
2 0.210361 0.534636 0.068680 0.071048
2 0.348905 0.577265 0.056838 0.088810
2 0.521788 0.678508 0.071048 0.071048
2 0.361930 0.672291 0.073416 0.069272
2 0.311012 0.859680 0.071048 0.103020
2 0.520604 0.880107 0.054470 0.090586
1 0.730195 0.095027 0.061575 0.058615
1 0.693487 0.266430 0.082889 0.053286
1 0.602309 0.417407 0.080521 0.074600
1 0.517051 0.492895 0.085258 0.058615
1 0.293250 0.141208 0.082889 0.062167
1 0.425873 0.137655 0.073416 0.047957
1 0.493369 0.154529 0.085258 0.039076
1 0.474423 0.194494 0.061575 0.055062
1 0.403375 0.184725 0.075784 0.046181
1 0.303908 0.227353 0.075784 0.063943
1 0.940971 0.293073 0.094731 0.049734
1 0.101421 0.843694 0.111308 0.085258
0 0.885317 0.081705 0.125518 0.085258
0 0.721906 0.206927 0.125518 0.083481
0 0.801243 0.501776 0.156306 0.111901
0 0.936146 0.627886 0.127708 0.119005
0 0.826110 0.716696 0.196566 0.126110
0 0.453108 0.741563 0.198934 0.158082
0 0.749141 0.890764 0.189461 0.168739