0 0.848609 0.590586 0.208407 0.165187
1 0.927945 0.363233 0.116045 0.079929
1 0.331143 0.166075 0.073416 0.069272
1 0.202072 0.440497 0.104204 0.071048
1 0.401006 0.452043 0.104204 0.076377
1 0.493369 0.476021 0.113677 0.063943
1 0.443635 0.539964 0.094731 0.067496
1 0.352457 0.519538 0.087626 0.083481
1 0.170101 0.594139 0.097099 0.076377
1 0.760983 0.710480 0.123150 0.067496
2 0.462581 0.330373 0.075784 0.071048
2 0.873475 0.484902 0.049734 0.081705
2 0.944523 0.529307 0.106572 0.060391
2 0.971670 0.709591 0.056660 0.101243
2 0.266015 0.871226 0.108940 0.119005