0 0.633096 0.189165 0.217880 0.165187
0 0.370219 0.584369 0.179988 0.124334
0 0.535998 0.977798 0.156306 0.044404
1 0.341800 0.325044 0.108940 0.067496
1 0.733748 0.661634 0.101835 0.065719
1 0.329959 0.717584 0.113677 0.063943
1 0.252990 0.979574 0.097099 0.040852
2 0.031172 0.956483 0.062344 0.087034
2 0.789402 0.798401 0.066311 0.104796
2 0.739668 0.496448 0.066311 0.087034
2 0.533629 0.362345 0.085258 0.078153
2 0.345352 0.476909 0.068680 0.087034
2 0.419953 0.502664 0.123150 0.042629
2 0.515867 0.641208 0.063943 0.092362