1 0.190878 0.232925 0.066173 0.066550
1 0.711753 0.119965 0.075626 0.057793
1 0.637072 0.217163 0.081298 0.066550
1 0.653143 0.379159 0.068063 0.064799
1 0.812903 0.457093 0.073735 0.063047
1 0.746730 0.544658 0.081298 0.066550
1 0.792106 0.629597 0.088861 0.064799
1 0.528360 0.432574 0.079407 0.066550
1 0.506617 0.316112 0.073735 0.061296
1 0.378998 0.422942 0.071845 0.061296
1 0.428155 0.514011 0.068063 0.061296
1 0.497164 0.543783 0.077517 0.064799
1 0.172917 0.380911 0.068063 0.064799
1 0.249489 0.664623 0.073735 0.071804
1 0.432882 0.679510 0.069954 0.063047
1 0.507563 0.691769 0.071845 0.077058
1 0.331732 0.756567 0.071845 0.077058