1 0.089744 0.261821 0.083442 0.057793
1 0.591554 0.056918 0.071853 0.057793
1 0.614732 0.279335 0.071853 0.064799
1 0.547515 0.154116 0.076488 0.056042
1 0.439736 0.262697 0.083442 0.052539
1 0.121035 0.393170 0.085760 0.054291
1 0.794364 0.316112 0.083442 0.064799
1 0.757279 0.397548 0.074170 0.045534
1 0.821019 0.457968 0.081124 0.054291
1 0.506953 0.451839 0.074170 0.049037
1 0.428147 0.443958 0.069535 0.068301
1 0.349341 0.381786 0.078806 0.056042
1 0.513907 0.357268 0.074170 0.045534
1 0.562581 0.569177 0.074170 0.063047
1 0.486093 0.573555 0.074170 0.054291
1 0.410764 0.654991 0.081124 0.052539
1 0.297190 0.604203 0.081124 0.056042