1 0.490642 0.956217 0.059894 0.066550
1 0.806021 0.612084 0.072996 0.071804
1 0.782625 0.461471 0.063637 0.061296
1 0.627275 0.210158 0.078611 0.066550
1 0.525268 0.139229 0.080483 0.068301
1 0.375533 0.239930 0.069253 0.066550
1 0.447593 0.237303 0.067381 0.071804
1 0.426068 0.384413 0.069253 0.061296
1 0.500000 0.396673 0.063637 0.061296
1 0.571124 0.469352 0.067381 0.063047
1 0.426068 0.493870 0.072996 0.049037
1 0.483155 0.601576 0.067381 0.061296
1 0.339035 0.540280 0.071124 0.057793
1 0.397993 0.577933 0.058022 0.063047
1 0.146250 0.541156 0.074868 0.063047
1 0.187428 0.442207 0.067381 0.064799
1 0.122854 0.369527 0.065509 0.066550
1 0.403608 0.736427 0.058022 0.061296
1 0.342778 0.847636 0.067381 0.066550