1 0.172576 0.295096 0.072302 0.054291
1 0.188069 0.430823 0.074368 0.063047
1 0.655966 0.098949 0.059907 0.061296
1 0.606387 0.201401 0.068170 0.070053
1 0.500000 0.312609 0.074368 0.071804
1 0.656998 0.343257 0.074368 0.066550
1 0.830523 0.387916 0.074368 0.068301
1 0.790240 0.474606 0.072302 0.052539
1 0.843950 0.542032 0.072302 0.064799
1 0.541315 0.511384 0.078499 0.056042
1 0.550611 0.415937 0.076433 0.061296
1 0.397744 0.428196 0.076433 0.061296
1 0.471079 0.500876 0.070236 0.056042
1 0.508263 0.650613 0.066105 0.064799
1 0.583664 0.651489 0.072302 0.077058
1 0.431830 0.732925 0.074368 0.057793
1 0.330607 0.661121 0.074368 0.064799