1 0.245476 0.428196 0.065382 0.043783
1 0.651781 0.278459 0.065382 0.045534
1 0.608581 0.353765 0.063047 0.045534
1 0.810566 0.489492 0.056042 0.047285
1 0.766200 0.561296 0.060712 0.040280
1 0.817572 0.611208 0.070053 0.045534
1 0.598074 0.690018 0.060712 0.045534
1 0.530356 0.690018 0.060712 0.045534
1 0.471979 0.752189 0.065382 0.043783
1 0.382078 0.704904 0.067717 0.050788
1 0.558377 0.585814 0.065382 0.050788
1 0.491827 0.579685 0.058377 0.049037
1 0.435785 0.531524 0.053707 0.040280
1 0.563047 0.516637 0.060712 0.052539
1 0.654116 0.457968 0.065382 0.050788
1 0.515178 0.440455 0.058377 0.047285
1 0.259486 0.531524 0.060712 0.043783