1 0.648993 0.090193 0.071132 0.061296
1 0.617272 0.198774 0.061520 0.061296
1 0.691288 0.338004 0.059597 0.059545
1 0.858544 0.359019 0.067287 0.059545
1 0.535566 0.331874 0.074977 0.071804
1 0.205859 0.359895 0.073055 0.057793
1 0.251038 0.503503 0.063442 0.061296
1 0.464434 0.471979 0.078822 0.061296
1 0.600931 0.429947 0.071132 0.057793
1 0.833552 0.457093 0.071132 0.059545
1 0.891227 0.513135 0.067287 0.070053
1 0.543256 0.532399 0.067287 0.063047
1 0.617272 0.537653 0.069210 0.063047
1 0.609582 0.672504 0.069210 0.063047
1 0.673024 0.664623 0.061520 0.068301
1 0.445209 0.726795 0.067287 0.066550
1 0.551907 0.774956 0.069210 0.071804