1 0.330693 0.377408 0.062426 0.050788
1 0.620123 0.342382 0.058642 0.050788
1 0.688223 0.223292 0.062426 0.054291
1 0.757270 0.348511 0.052967 0.052539
1 0.909552 0.363398 0.058642 0.057793
1 0.714707 0.119965 0.058642 0.061296
1 0.560534 0.473730 0.060534 0.054291
1 0.371365 0.504378 0.071884 0.049037
1 0.683494 0.434326 0.064318 0.052539
1 0.630527 0.527145 0.056751 0.059545
1 0.696736 0.529772 0.060534 0.064799
1 0.944548 0.500876 0.052967 0.059545
1 0.886851 0.450088 0.058642 0.056042
1 0.693899 0.650613 0.062426 0.061296
1 0.758216 0.633975 0.062426 0.066550
1 0.552967 0.697023 0.071884 0.059545
1 0.648498 0.733800 0.073776 0.059545