1 0.521282 0.302102 0.069448 0.054291
1 0.619854 0.364273 0.069448 0.056042
1 0.750909 0.570928 0.053766 0.052539
1 0.767711 0.695271 0.060487 0.052539
1 0.431672 0.964098 0.064967 0.064799
1 0.455195 0.672504 0.058247 0.059545
1 0.552646 0.566550 0.064967 0.054291
1 0.377906 0.380911 0.069448 0.061296
1 0.443994 0.378284 0.062727 0.059545
1 0.129238 0.467601 0.064967 0.052539
1 0.183004 0.525394 0.069448 0.056042
1 0.413750 0.494746 0.060487 0.043783
1 0.487679 0.502627 0.073928 0.049037
1 0.142679 0.598949 0.069448 0.052539
1 0.317419 0.618214 0.064967 0.049037
1 0.404789 0.582312 0.064967 0.054291
1 0.371185 0.646235 0.056006 0.056042
1 0.364465 0.769702 0.069448 0.047285
1 0.298377 0.855517 0.071688 0.047285