1 0.464761 0.098404 0.057181 0.078014
1 0.578457 0.164894 0.063830 0.076241
1 0.794548 0.242908 0.065160 0.086879
1 0.680186 0.314716 0.062500 0.081560
1 0.777926 0.399823 0.063830 0.088652
1 0.698803 0.427305 0.059840 0.072695
1 0.509309 0.351064 0.063830 0.079787
1 0.420213 0.263298 0.055851 0.085106
1 0.440824 0.417553 0.057181 0.081560
1 0.544548 0.487589 0.062500 0.083333
1 0.212101 0.574468 0.065160 0.072695
1 0.290559 0.620567 0.057181 0.090426
1 0.297872 0.709220 0.074468 0.076241
1 0.369681 0.775709 0.069149 0.085106
1 0.495346 0.753546 0.057181 0.086879
1 0.563165 0.597518 0.075798 0.076241
1 0.644947 0.664894 0.066489 0.101064