1 0.392586 0.414186 0.070053 0.043783
1 0.405429 0.516637 0.058377 0.045534
1 0.672796 0.429072 0.060712 0.042032
1 0.761529 0.349387 0.065382 0.047285
1 0.808231 0.272329 0.070053 0.050788
1 0.948336 0.486865 0.070053 0.059545
1 0.803561 0.450963 0.070053 0.050788
1 0.909807 0.554291 0.063047 0.054291
1 0.958844 0.605954 0.063047 0.052539
1 0.708990 0.586690 0.063047 0.045534
1 0.708990 0.507881 0.063047 0.045534
1 0.582896 0.520140 0.063047 0.052539
1 0.641273 0.575306 0.063047 0.047285
1 0.680969 0.682137 0.063047 0.050788
1 0.739346 0.683888 0.058377 0.050788
1 0.619089 0.742557 0.070053 0.052539
1 0.537361 0.694396 0.070053 0.054291