1 0.272329 0.441331 0.053707 0.049037
1 0.538529 0.447461 0.053707 0.043783
1 0.664623 0.467601 0.063047 0.042032
1 0.623759 0.363398 0.060712 0.043783
1 0.662288 0.289842 0.067717 0.047285
1 0.284005 0.538529 0.063047 0.036778
1 0.454466 0.535902 0.063047 0.045534
1 0.578225 0.525394 0.058377 0.049037
1 0.779043 0.567426 0.067717 0.049037
1 0.812901 0.498249 0.070053 0.040280
1 0.828079 0.615587 0.063047 0.050788
1 0.612084 0.695271 0.060712 0.045534
1 0.539696 0.675131 0.065382 0.043783
1 0.497665 0.698774 0.060712 0.042032
1 0.404262 0.707531 0.060712 0.042032
1 0.571220 0.597198 0.063047 0.052539
1 0.508173 0.589317 0.063047 0.047285