1 0.347536 0.388792 0.060183 0.052539
1 0.410729 0.382662 0.062189 0.050788
1 0.482948 0.306480 0.070214 0.052539
1 0.573223 0.366025 0.062189 0.056042
1 0.709638 0.581436 0.062189 0.056042
1 0.720671 0.711909 0.060183 0.050788
1 0.515046 0.579685 0.066201 0.049037
1 0.452857 0.514011 0.058177 0.050788
1 0.383646 0.508757 0.056171 0.050788
1 0.126865 0.486865 0.064195 0.049037
1 0.178021 0.541156 0.070214 0.052539
1 0.144920 0.615587 0.060183 0.047285
1 0.297384 0.633100 0.060183 0.054291
1 0.379634 0.591068 0.056171 0.050788
1 0.426777 0.688266 0.058177 0.056042
1 0.348539 0.659370 0.054165 0.050788
1 0.353555 0.787215 0.064195 0.043783
1 0.296381 0.869527 0.066201 0.054291
1 0.420759 0.974606 0.070214 0.050788