1 0.569958 0.110333 0.082914 0.063047
1 0.762991 0.366025 0.085505 0.056042
1 0.773356 0.511384 0.085505 0.056042
1 0.709875 0.451839 0.077731 0.056042
1 0.430042 0.486865 0.072549 0.059545
1 0.354901 0.476357 0.082914 0.056042
1 0.402836 0.604203 0.069958 0.056042
1 0.479272 0.604203 0.072549 0.059545
1 0.568663 0.332750 0.085505 0.059545
1 0.382107 0.304729 0.090687 0.063047
1 0.510364 0.203152 0.077731 0.052539
1 0.041421 0.290718 0.082841 0.059545
1 0.050489 0.408932 0.100978 0.054291
1 0.273283 0.414186 0.075140 0.054291
1 0.445588 0.397548 0.082914 0.052539
1 0.202030 0.615587 0.088096 0.057793
1 0.308262 0.677758 0.082914 0.063047