1 0.464761 0.292553 0.059840 0.079787
1 0.560505 0.399823 0.059840 0.081560
1 0.628324 0.180851 0.062500 0.083333
1 0.503324 0.096631 0.067819 0.078014
1 0.850399 0.282801 0.065160 0.085106
1 0.823803 0.445035 0.065160 0.079787
1 0.727394 0.357270 0.061170 0.078014
1 0.740691 0.474291 0.063830 0.078014
1 0.490027 0.461879 0.059840 0.078014
1 0.593085 0.532801 0.058511 0.078014
1 0.610372 0.647163 0.061170 0.076241
1 0.688165 0.708333 0.062500 0.081560
1 0.549202 0.782801 0.050532 0.081560
1 0.436835 0.797872 0.057181 0.076241
1 0.371011 0.745567 0.055851 0.070922
1 0.357713 0.654255 0.053191 0.062057
1 0.278590 0.609043 0.059840 0.074468