1 0.489492 0.463222 0.063047 0.047285
1 0.758027 0.486865 0.072388 0.049037
1 0.892294 0.512259 0.060712 0.050788
1 0.844425 0.407180 0.058377 0.050788
1 0.885289 0.334501 0.051372 0.049037
1 0.798891 0.566550 0.056042 0.050788
1 0.803561 0.631349 0.060712 0.050788
1 0.727671 0.624343 0.067717 0.054291
1 0.671629 0.568301 0.053707 0.043783
1 0.497665 0.563047 0.056042 0.050788
1 0.830414 0.738179 0.063047 0.047285
1 0.770870 0.731173 0.065382 0.047285
1 0.708990 0.791594 0.072388 0.052539
1 0.622592 0.739054 0.058377 0.042032