1 0.389373 0.126095 0.071428 0.070053
1 0.499129 0.190018 0.067944 0.075306
1 0.683797 0.436077 0.081881 0.077058
1 0.718640 0.597198 0.074912 0.070053
1 0.477352 0.459720 0.066202 0.064799
1 0.399826 0.387040 0.064460 0.063047
1 0.330140 0.390543 0.054007 0.059545
1 0.408537 0.601576 0.071428 0.071804
1 0.263939 0.548161 0.064460 0.063047
1 0.074044 0.397548 0.074912 0.070053
1 0.272649 0.242557 0.067944 0.068301
1 0.342335 0.231173 0.064460 0.066550
1 0.344077 0.494746 0.057491 0.068301
1 0.131535 0.455342 0.067944 0.056042
1 0.108887 0.552539 0.067944 0.068301
1 0.323172 0.577058 0.060975 0.068301
1 0.347562 0.732925 0.060975 0.064799
1 0.305750 0.837128 0.060975 0.066550
1 0.442509 0.952715 0.066202 0.070053