1 0.450245 0.966725 0.069470 0.066550
1 0.306611 0.853765 0.071347 0.064799
1 0.356366 0.758319 0.061960 0.059545
1 0.419265 0.643608 0.063837 0.068301
1 0.737512 0.646235 0.076980 0.070053
1 0.701838 0.494746 0.069470 0.064799
1 0.532857 0.264448 0.076980 0.073555
1 0.423959 0.198774 0.073225 0.078809
1 0.364815 0.295972 0.071347 0.059545
1 0.300978 0.307356 0.067592 0.068301
1 0.346978 0.439580 0.069470 0.063047
1 0.426775 0.440455 0.067592 0.068301
1 0.498122 0.511384 0.060082 0.063047
1 0.361999 0.537653 0.073225 0.063047
1 0.277509 0.584939 0.065715 0.056042
1 0.338529 0.615587 0.060082 0.064799
1 0.120732 0.581436 0.071347 0.056042
1 0.145140 0.492119 0.063837 0.056042
1 0.088813 0.433450 0.063837 0.057793