1 0.412434 0.396673 0.063047 0.047285
1 0.812901 0.268827 0.060712 0.043783
1 0.772037 0.339755 0.063047 0.049037
1 0.815236 0.444834 0.065382 0.045534
1 0.954174 0.479860 0.072388 0.042032
1 0.923818 0.545534 0.067717 0.047285
1 0.970665 0.591068 0.058669 0.054291
1 0.724168 0.568301 0.060712 0.043783
1 0.723001 0.493870 0.063047 0.045534
1 0.598074 0.507881 0.056042 0.045534
1 0.684472 0.416813 0.060712 0.045534
1 0.422942 0.504378 0.065382 0.045534
1 0.545534 0.676883 0.053707 0.047285
1 0.630765 0.731173 0.070053 0.050788
1 0.647110 0.561296 0.056042 0.050788
1 0.754524 0.669002 0.056042 0.049037
1 0.693812 0.669877 0.056042 0.047285