1 0.102116 0.269702 0.073597 0.059545
1 0.604646 0.084063 0.066697 0.056042
1 0.786339 0.360771 0.071297 0.070053
1 0.732291 0.449212 0.078197 0.061296
1 0.800138 0.521016 0.080497 0.061296
1 0.466651 0.478984 0.071297 0.054291
1 0.394204 0.471103 0.078197 0.052539
1 0.326357 0.402802 0.071297 0.052539
1 0.107865 0.399299 0.089696 0.052539
1 0.429853 0.288091 0.085097 0.057793
1 0.602346 0.320490 0.080497 0.070053
1 0.552898 0.184764 0.078197 0.061296
1 0.506900 0.618214 0.073597 0.059545
1 0.244710 0.623468 0.073597 0.056042
1 0.436752 0.615587 0.080497 0.057793
1 0.483901 0.389667 0.073597 0.054291
1 0.341306 0.689142 0.078197 0.061296