1 0.231465 0.236427 0.070053 0.056042
1 0.540864 0.276708 0.063047 0.056042
1 0.686807 0.311734 0.070053 0.052539
1 0.655283 0.189142 0.067717 0.052539
1 0.717163 0.105079 0.070053 0.052539
1 0.856100 0.359895 0.072388 0.061296
1 0.847928 0.492995 0.070053 0.054291
1 0.797723 0.431699 0.067717 0.057793
1 0.579393 0.566550 0.070053 0.057793
1 0.508173 0.560420 0.067717 0.052539
1 0.427612 0.624343 0.074723 0.054291
1 0.342382 0.560420 0.072388 0.052539
1 0.234968 0.357268 0.072388 0.056042
1 0.428780 0.374781 0.072388 0.056042
1 0.573555 0.369527 0.077058 0.052539
1 0.481319 0.440455 0.084063 0.054291
1 0.561880 0.450963 0.072388 0.047285