1 0.419259 0.207531 0.071986 0.064799
1 0.527238 0.260070 0.070040 0.075306
1 0.713040 0.483363 0.079768 0.066550
1 0.741251 0.627846 0.081714 0.064799
1 0.506809 0.501751 0.071986 0.061296
1 0.428014 0.436077 0.070040 0.059545
1 0.351164 0.441331 0.075877 0.066550
1 0.298634 0.305604 0.056422 0.057793
1 0.361865 0.293345 0.058367 0.071804
1 0.085594 0.438704 0.066149 0.057793
1 0.142015 0.492119 0.066149 0.052539
1 0.123532 0.578809 0.060313 0.057793
1 0.367701 0.531524 0.062258 0.050788
1 0.284042 0.581436 0.062258 0.052539
1 0.344354 0.608581 0.062258 0.050788
1 0.429960 0.628722 0.070040 0.063047
1 0.363810 0.745184 0.062258 0.057793
1 0.320035 0.835377 0.060313 0.052539
1 0.464007 0.938704 0.060313 0.059545