1 0.451196 0.336252 0.075425 0.052539
1 0.555459 0.392294 0.070988 0.056042
1 0.318093 0.422067 0.057678 0.045534
1 0.383535 0.409807 0.064333 0.045534
1 0.104019 0.528021 0.077643 0.043783
1 0.163916 0.576182 0.073207 0.049037
1 0.137295 0.652364 0.068770 0.050788
1 0.372443 0.534151 0.064333 0.045534
1 0.446759 0.532399 0.057678 0.052539
1 0.517747 0.591068 0.062115 0.047285
1 0.715183 0.588441 0.053241 0.045534
1 0.748458 0.705779 0.062115 0.052539
1 0.438995 0.699650 0.064333 0.057793
1 0.386863 0.612960 0.070988 0.049037
1 0.305892 0.656743 0.064333 0.049037
1 0.356915 0.675131 0.051023 0.061296
1 0.375771 0.795972 0.066551 0.054291
1 0.325857 0.880035 0.068770 0.054291
1 0.465615 0.969352 0.068770 0.043783