1 0.244883 0.269702 0.059688 0.049037
1 0.539471 0.289842 0.067389 0.054291
1 0.629965 0.191769 0.067389 0.064799
1 0.668473 0.102452 0.067389 0.061296
1 0.831170 0.358144 0.065464 0.064799
1 0.850424 0.504378 0.065464 0.059545
1 0.794588 0.444834 0.065464 0.059545
1 0.255473 0.407180 0.069315 0.057793
1 0.452827 0.408056 0.071240 0.063047
1 0.584718 0.389667 0.073166 0.061296
1 0.677138 0.319615 0.061613 0.054291
1 0.619375 0.612084 0.057762 0.061296
1 0.557762 0.617338 0.061613 0.057793
1 0.388326 0.633100 0.061613 0.057793
1 0.584718 0.478984 0.057762 0.054291
1 0.511552 0.478109 0.065464 0.059545
1 0.480746 0.700525 0.069315 0.063047