1 0.663456 0.288967 0.060712 0.042032
1 0.818739 0.498249 0.058377 0.050788
1 0.781378 0.562172 0.063047 0.042032
1 0.833917 0.617338 0.065382 0.043783
1 0.627262 0.363398 0.067717 0.043783
1 0.673964 0.464974 0.072388 0.043783
1 0.538529 0.442207 0.058377 0.047285
1 0.273497 0.436953 0.065382 0.043783
1 0.285172 0.536778 0.074723 0.043783
1 0.457968 0.533275 0.065382 0.047285
1 0.584063 0.521016 0.065382 0.047285
1 0.578225 0.595447 0.067717 0.049037
1 0.511675 0.587566 0.060712 0.043783
1 0.404262 0.703152 0.065382 0.040280
1 0.505838 0.697023 0.058377 0.045534
1 0.542032 0.675131 0.065382 0.047285
1 0.615587 0.697023 0.067717 0.049037