1 0.252481 0.372154 0.074723 0.047285
1 0.530356 0.382662 0.065382 0.050788
1 0.616754 0.298599 0.060712 0.054291
1 0.656451 0.225044 0.065382 0.054291
1 0.666959 0.403678 0.058377 0.047285
1 0.816404 0.429947 0.063047 0.050788
1 0.833917 0.546410 0.065382 0.052539
1 0.781378 0.500000 0.067717 0.047285
1 0.580560 0.531524 0.067717 0.050788
1 0.510508 0.527145 0.063047 0.045534
1 0.450963 0.477233 0.065382 0.050788
1 0.580560 0.461471 0.058377 0.043783
1 0.268827 0.474606 0.060712 0.042032
1 0.403094 0.655867 0.067717 0.054291
1 0.492995 0.697898 0.070053 0.054291
1 0.553707 0.635727 0.060712 0.045534
1 0.619089 0.637478 0.065382 0.045534