1 0.620494 0.138354 0.068854 0.066550
1 0.583198 0.252189 0.066941 0.059545
1 0.490437 0.395797 0.068854 0.066550
1 0.657789 0.407180 0.066941 0.075306
1 0.139475 0.412434 0.070766 0.068301
1 0.406283 0.538529 0.072679 0.057793
1 0.559291 0.501751 0.072679 0.061296
1 0.837574 0.435201 0.066941 0.068301
1 0.807929 0.542032 0.076504 0.068301
1 0.868175 0.605954 0.078417 0.070053
1 0.568854 0.617338 0.072679 0.068301
1 0.489481 0.605079 0.082242 0.071804
1 0.372812 0.811734 0.074591 0.071804
1 0.180596 0.569177 0.072679 0.070053
1 0.556422 0.765324 0.070766 0.066550
1 0.631013 0.757443 0.070766 0.082312
1 0.483743 0.872154 0.070766 0.077058