1 0.519843 0.321366 0.056395 0.057793
1 0.609657 0.384413 0.068927 0.057793
1 0.738112 0.718039 0.062661 0.052539
1 0.728713 0.592820 0.068927 0.050788
1 0.385122 0.387916 0.058484 0.054291
1 0.447783 0.395797 0.058484 0.056042
1 0.484335 0.519264 0.060572 0.064799
1 0.538641 0.584063 0.056395 0.057793
1 0.417496 0.509632 0.060572 0.052539
1 0.155365 0.476357 0.066838 0.052539
1 0.205493 0.532399 0.066838 0.045534
1 0.161631 0.613835 0.058484 0.050788
1 0.323505 0.622592 0.068927 0.050788
1 0.444649 0.686515 0.056395 0.059545
1 0.370501 0.657618 0.054306 0.054291
1 0.411230 0.595447 0.060572 0.059545
1 0.362146 0.782837 0.054306 0.052539
1 0.423762 0.963222 0.064750 0.052539
1 0.302618 0.864273 0.056395 0.047285