1 0.493351 0.354610 0.050532 0.065603
1 0.629654 0.348404 0.051862 0.063830
1 0.565160 0.468085 0.047872 0.072695
1 0.519282 0.449468 0.049202 0.056738
1 0.462766 0.473404 0.047872 0.054965
1 0.430851 0.500000 0.047872 0.058511
1 0.513298 0.646277 0.050532 0.063830
1 0.382314 0.659574 0.046543 0.065603
1 0.335771 0.359929 0.049202 0.054965
1 0.378324 0.390957 0.051862 0.063830
1 0.292553 0.462766 0.053191 0.058511
1 0.322473 0.532801 0.043883 0.060284
1 0.301862 0.576241 0.045213 0.058511
1 0.495346 0.552305 0.057181 0.063830
1 0.534574 0.522163 0.050532 0.074468