1 0.443922 0.108581 0.074771 0.063047
1 0.543333 0.171629 0.073072 0.070053
1 0.703921 0.428196 0.071372 0.071804
1 0.734509 0.575306 0.074771 0.075306
1 0.311373 0.215412 0.061176 0.063047
1 0.375099 0.211033 0.066274 0.061296
1 0.364053 0.362522 0.067974 0.056042
1 0.433726 0.370403 0.067974 0.061296
1 0.505948 0.440455 0.059477 0.061296
1 0.093009 0.363398 0.069673 0.064799
1 0.151636 0.431699 0.064575 0.064799
1 0.119348 0.530648 0.067974 0.066550
1 0.429477 0.583187 0.069673 0.073555
1 0.372550 0.478109 0.064575 0.066550
1 0.290132 0.528021 0.062876 0.061296
1 0.347909 0.562172 0.049281 0.066550
1 0.365752 0.718914 0.067974 0.064799
1 0.310524 0.830123 0.069673 0.070053
1 0.454968 0.951839 0.062876 0.068301