1 0.477294 0.118214 0.068117 0.064799
1 0.586093 0.184764 0.085146 0.061296
1 0.763954 0.430823 0.070009 0.059545
1 0.797067 0.579685 0.064333 0.066550
1 0.387417 0.723292 0.073794 0.066550
1 0.465941 0.584939 0.068117 0.063047
1 0.311732 0.528897 0.066225 0.063047
1 0.373226 0.563923 0.068117 0.059545
1 0.091297 0.367776 0.075686 0.063047
1 0.156576 0.436953 0.088931 0.061296
1 0.118733 0.538529 0.073794 0.054291
1 0.329707 0.832750 0.068117 0.061296
1 0.488647 0.942207 0.068117 0.056042
1 0.400662 0.478109 0.066225 0.063047
1 0.547304 0.450088 0.071901 0.059545
1 0.391202 0.371278 0.073794 0.066550
1 0.474456 0.370403 0.081362 0.068301
1 0.333491 0.229422 0.064333 0.063047
1 0.406339 0.218914 0.058656 0.073555