1 0.419937 0.210158 0.080063 0.063047
1 0.525734 0.267075 0.066719 0.064799
1 0.695392 0.500876 0.066719 0.059545
1 0.724939 0.647110 0.064813 0.061296
1 0.490469 0.513135 0.064813 0.056042
1 0.418031 0.443082 0.064813 0.052539
1 0.344640 0.443082 0.059094 0.063047
1 0.080623 0.434326 0.072438 0.052539
1 0.140670 0.493870 0.070532 0.059545
1 0.115889 0.580560 0.062907 0.050788
1 0.272202 0.584939 0.066719 0.056042
1 0.334155 0.614711 0.064813 0.063047
1 0.356077 0.532399 0.062907 0.056042
1 0.411359 0.636602 0.059094 0.061296
1 0.346546 0.750438 0.062907 0.057793
1 0.296030 0.845009 0.064813 0.057793
1 0.437093 0.953590 0.068625 0.061296
1 0.359890 0.295096 0.070532 0.057793
1 0.293171 0.307356 0.059094 0.057793