1 0.255984 0.381786 0.072388 0.056042
1 0.685639 0.232925 0.063047 0.049037
1 0.638938 0.312609 0.067717 0.050788
1 0.512843 0.418564 0.072388 0.042032
1 0.685639 0.422942 0.058377 0.047285
1 0.842090 0.460595 0.067717 0.042032
1 0.801226 0.529772 0.065382 0.047285
1 0.824577 0.594571 0.079393 0.050788
1 0.740514 0.687391 0.065382 0.054291
1 0.676299 0.690018 0.067717 0.059545
1 0.575890 0.660245 0.081728 0.049037
1 0.584063 0.724168 0.074723 0.047285
1 0.508173 0.544658 0.063047 0.045534
1 0.588733 0.481611 0.060712 0.052539
1 0.412434 0.497373 0.063047 0.056042