1 0.181500 0.290718 0.065630 0.066550
1 0.195977 0.422942 0.067561 0.054291
1 0.385147 0.424694 0.067561 0.054291
1 0.321447 0.644483 0.067561 0.066550
1 0.484558 0.639229 0.057909 0.056042
1 0.444986 0.494746 0.059839 0.054291
1 0.508686 0.511384 0.059839 0.063047
1 0.475871 0.303853 0.063700 0.061296
1 0.413136 0.715412 0.065630 0.064799
1 0.551153 0.642732 0.067561 0.049037
1 0.792441 0.542032 0.067561 0.064799
1 0.741288 0.471979 0.073352 0.061296
1 0.782789 0.383538 0.067561 0.059545
1 0.623539 0.333625 0.065630 0.057793
1 0.521233 0.407180 0.069491 0.057793
1 0.575282 0.194396 0.061770 0.059545
1 0.620644 0.091068 0.071421 0.070053