1 0.162206 0.312609 0.071686 0.064799
1 0.646631 0.092820 0.071686 0.052539
1 0.611874 0.194396 0.076031 0.059545
1 0.678129 0.323993 0.065169 0.052539
1 0.855173 0.354641 0.067342 0.061296
1 0.820416 0.443958 0.071686 0.057793
1 0.882326 0.501751 0.086892 0.064799
1 0.513034 0.305604 0.065169 0.057793
1 0.419625 0.432574 0.069514 0.056042
1 0.198049 0.446585 0.078203 0.052539
1 0.578203 0.403678 0.069514 0.054291
1 0.577117 0.501751 0.076031 0.057793
1 0.500000 0.498249 0.069514 0.061296
1 0.377265 0.669877 0.076031 0.057793
1 0.486966 0.728546 0.078203 0.066550
1 0.564083 0.637478 0.067342 0.059545
1 0.640114 0.631349 0.076031 0.057793