1 0.550248 0.304729 0.066997 0.052539
1 0.631900 0.367776 0.071184 0.049037
1 0.749144 0.580560 0.071184 0.047285
1 0.760659 0.700525 0.069090 0.059545
1 0.560716 0.573555 0.075371 0.050788
1 0.504187 0.503503 0.054435 0.043783
1 0.442425 0.491243 0.069090 0.054291
1 0.173391 0.455342 0.062809 0.049037
1 0.218404 0.515762 0.069090 0.050788
1 0.181766 0.596322 0.075371 0.057793
1 0.345070 0.612084 0.075371 0.054291
1 0.380662 0.773205 0.054435 0.050788
1 0.466502 0.673380 0.054435 0.050788
1 0.427769 0.579685 0.060716 0.049037
1 0.404739 0.374781 0.056528 0.056042
1 0.470689 0.380911 0.058622 0.061296
1 0.389037 0.647110 0.071184 0.057793
1 0.317853 0.852014 0.066997 0.047285
1 0.444518 0.958844 0.069090 0.061296