1 0.266492 0.437828 0.060712 0.042032
1 0.538529 0.446585 0.053707 0.045534
1 0.668126 0.469352 0.056042 0.049037
1 0.624927 0.366900 0.072388 0.047285
1 0.661121 0.286340 0.070053 0.047285
1 0.821074 0.497373 0.067717 0.052539
1 0.836252 0.619089 0.065382 0.047285
1 0.783713 0.568301 0.077058 0.043783
1 0.571220 0.598949 0.072388 0.049037
1 0.508173 0.590193 0.072388 0.038529
1 0.455633 0.539405 0.070053 0.042032
1 0.580560 0.523643 0.067717 0.049037
1 0.278167 0.538529 0.065382 0.043783
1 0.403094 0.711909 0.058377 0.050788
1 0.484822 0.762697 0.067717 0.050788
1 0.551372 0.700525 0.065382 0.045534
1 0.614419 0.700525 0.065382 0.049037