1 0.484838 0.366025 0.064978 0.052539
1 0.567144 0.425569 0.060646 0.056042
1 0.680856 0.617338 0.054149 0.054291
1 0.688437 0.733800 0.069310 0.056042
1 0.496751 0.607706 0.058480 0.049037
1 0.385205 0.538529 0.060646 0.043783
1 0.451266 0.540280 0.058480 0.043783
1 0.353799 0.428196 0.058480 0.050788
1 0.414445 0.429947 0.062812 0.057793
1 0.136122 0.505254 0.056314 0.040280
1 0.180524 0.559545 0.062812 0.043783
1 0.141537 0.628722 0.049817 0.045534
1 0.411196 0.696147 0.051983 0.054291
1 0.373293 0.614711 0.062812 0.045534
1 0.293153 0.640981 0.062812 0.045534
1 0.342969 0.674256 0.054149 0.052539
1 0.334306 0.781961 0.062812 0.057793
1 0.274742 0.853765 0.056314 0.050788
1 0.385205 0.950088 0.064978 0.043783