1 0.430851 0.135638 0.055851 0.056738
1 0.525931 0.198582 0.038564 0.062057
1 0.692819 0.277482 0.050532 0.063830
1 0.678191 0.406028 0.045213 0.065603
1 0.606383 0.331560 0.050532 0.058511
1 0.473404 0.364362 0.047872 0.060284
1 0.398936 0.284574 0.045213 0.056738
1 0.420213 0.416667 0.047872 0.065603
1 0.501330 0.473404 0.047872 0.069149
1 0.615691 0.425532 0.047872 0.065603
1 0.632314 0.541667 0.049202 0.063830
1 0.322473 0.649823 0.051862 0.053191
1 0.375000 0.694149 0.045213 0.067376
1 0.617686 0.750000 0.051862 0.062057
1 0.635638 0.617908 0.053191 0.067376