1 0.349387 0.492995 0.058377 0.047285
1 0.738179 0.335377 0.060712 0.040280
1 0.704320 0.408932 0.067717 0.047285
1 0.752189 0.512259 0.060712 0.047285
1 0.894629 0.536778 0.065382 0.043783
1 0.863106 0.603327 0.067717 0.043783
1 0.912142 0.648862 0.063047 0.050788
1 0.627262 0.494746 0.067717 0.047285
1 0.675131 0.568301 0.074723 0.040280
1 0.554874 0.588441 0.053707 0.045534
1 0.608581 0.635727 0.067717 0.045534
1 0.680969 0.638354 0.072388 0.047285
1 0.717163 0.736427 0.065382 0.057793
1 0.655283 0.739054 0.072388 0.045534
1 0.601576 0.803853 0.072388 0.056042
1 0.514011 0.759194 0.060712 0.047285
1 0.366900 0.596322 0.074723 0.043783