1 0.133064 0.298599 0.075324 0.050788
1 0.437589 0.321366 0.073172 0.054291
1 0.547347 0.218914 0.068868 0.059545
1 0.480631 0.417688 0.064563 0.047285
1 0.592541 0.352014 0.073172 0.059545
1 0.598997 0.122592 0.073172 0.052539
1 0.757178 0.395797 0.079628 0.056042
1 0.706603 0.485989 0.077476 0.068301
1 0.762558 0.548161 0.073172 0.066550
1 0.501076 0.640105 0.066716 0.061296
1 0.464490 0.513135 0.066716 0.059545
1 0.396698 0.498249 0.064563 0.054291
1 0.338591 0.428196 0.077476 0.061296
1 0.140597 0.416813 0.077476 0.052539
1 0.256811 0.640981 0.073172 0.052539
1 0.348276 0.705779 0.075324 0.066550
1 0.435437 0.631349 0.073172 0.057793