1 0.230438 0.321366 0.074296 0.061296
1 0.669548 0.114711 0.072391 0.054291
1 0.633352 0.214536 0.064771 0.061296
1 0.690503 0.352890 0.064771 0.061296
1 0.540006 0.330123 0.068581 0.050788
1 0.851479 0.392294 0.070486 0.059545
1 0.247583 0.461471 0.081916 0.061296
1 0.451422 0.455342 0.074296 0.063047
1 0.591442 0.430823 0.064771 0.059545
1 0.822903 0.489492 0.074296 0.064799
1 0.875292 0.549912 0.072391 0.070053
1 0.643830 0.676007 0.062866 0.070053
1 0.575249 0.686515 0.070486 0.066550
1 0.595252 0.535902 0.068581 0.070053
1 0.519050 0.528021 0.060961 0.064799
1 0.406653 0.705779 0.064771 0.070053
1 0.506668 0.774081 0.070486 0.070053