1 0.341214 0.373030 0.070053 0.045534
1 0.790718 0.235552 0.077058 0.057793
1 0.735844 0.318739 0.060712 0.045534
1 0.629597 0.401051 0.077058 0.052539
1 0.769702 0.436953 0.067717 0.054291
1 0.670461 0.486865 0.079393 0.045534
1 0.656451 0.565674 0.065382 0.049037
1 0.589901 0.552539 0.067717 0.050788
1 0.535026 0.492995 0.065382 0.043783
1 0.921483 0.476357 0.063047 0.052539
1 0.880619 0.546410 0.070053 0.056042
1 0.917980 0.595447 0.065382 0.049037
1 0.686807 0.664623 0.060712 0.057793
1 0.624927 0.668126 0.072388 0.054291
1 0.467309 0.669877 0.060712 0.047285
1 0.349387 0.482487 0.063047 0.047285
1 0.553707 0.727671 0.065382 0.047285