1 0.445508 0.234676 0.077846 0.070053
1 0.550984 0.293575 0.069652 0.063600
1 0.731592 0.522767 0.077846 0.068301
1 0.762731 0.661996 0.070061 0.073555
1 0.528219 0.530648 0.072008 0.073555
1 0.449400 0.461471 0.066169 0.061296
1 0.389069 0.320490 0.066169 0.059545
1 0.322900 0.333625 0.073954 0.061296
1 0.102012 0.458844 0.068115 0.063047
1 0.164289 0.518389 0.072008 0.059545
1 0.137043 0.606830 0.064223 0.061296
1 0.378365 0.774081 0.064223 0.052539
1 0.333604 0.866900 0.060331 0.052539
1 0.474700 0.971103 0.066169 0.057793
1 0.445508 0.654991 0.066169 0.063047
1 0.384204 0.557793 0.068115 0.054291
1 0.372527 0.466725 0.068115 0.061296
1 0.302466 0.608581 0.060331 0.054291
1 0.363769 0.640105 0.062277 0.061296