1 0.721833 0.298599 0.056042 0.050788
1 0.686807 0.373030 0.060712 0.042032
1 0.737011 0.477233 0.058377 0.043783
1 0.608581 0.460595 0.063047 0.049037
1 0.334209 0.452715 0.065382 0.047285
1 0.354057 0.555166 0.067717 0.049037
1 0.533859 0.551664 0.058377 0.045534
1 0.591068 0.604203 0.065382 0.045534
1 0.661121 0.604203 0.060712 0.049037
1 0.652948 0.531524 0.058377 0.043783
1 0.873614 0.505254 0.065382 0.043783
1 0.846760 0.567426 0.063047 0.045534
1 0.887624 0.614711 0.065382 0.045534
1 0.696147 0.698774 0.065382 0.049037
1 0.634267 0.699650 0.067717 0.047285
1 0.492995 0.725044 0.070053 0.042032
1 0.582896 0.765324 0.072388 0.049037