1 0.503748 0.277583 0.093703 0.092820
1 0.596514 0.348511 0.076837 0.087566
1 0.679910 0.204028 0.074963 0.089317
1 0.791417 0.196147 0.073089 0.098074
1 0.922602 0.391419 0.061844 0.071804
1 0.866380 0.344133 0.076837 0.071804
1 0.853261 0.259194 0.073089 0.073555
1 0.736132 0.701401 0.082459 0.075306
1 0.717392 0.536778 0.071215 0.071804
1 0.604948 0.463222 0.086207 0.075306
1 0.405360 0.532399 0.095577 0.094571
1 0.285419 0.574431 0.095577 0.094571
1 0.258246 0.783713 0.112444 0.106830
1 0.422226 0.673380 0.103074 0.096322
1 0.641492 0.611208 0.080585 0.087566
1 0.550600 0.840630 0.093703 0.094571
1 0.684595 0.895797 0.084333 0.089317