1 0.469644 0.283713 0.056042 0.042032
1 0.578225 0.438704 0.063047 0.040280
1 0.707823 0.420315 0.065382 0.049037
1 0.845593 0.445709 0.056042 0.043783
1 0.784880 0.533275 0.074723 0.047285
1 0.431115 0.339755 0.067717 0.038529
1 0.449796 0.522767 0.058377 0.043783
1 0.577058 0.614711 0.065382 0.049037
1 0.661121 0.607706 0.051372 0.038529
1 0.711325 0.684764 0.072388 0.035026
1 0.595738 0.676007 0.065382 0.045534
1 0.371570 0.353765 0.051372 0.045534
1 0.337712 0.399299 0.058377 0.038529
1 0.351722 0.479860 0.053707 0.035026
1 0.633100 0.485114 0.070053 0.049037
1 0.533859 0.510508 0.063047 0.040280
1 0.413602 0.577933 0.060712 0.042032