1 0.184845 0.266200 0.069648 0.063047
1 0.479976 0.324869 0.074871 0.064799
1 0.623625 0.375657 0.076612 0.064799
1 0.788167 0.451839 0.078354 0.070053
1 0.175268 0.422067 0.078354 0.059545
1 0.655837 0.108581 0.074871 0.063047
1 0.596636 0.214536 0.071389 0.061296
1 0.373764 0.445709 0.074871 0.064799
1 0.514800 0.443958 0.074871 0.061296
1 0.731578 0.549037 0.073130 0.071804
1 0.780332 0.633975 0.073130 0.070053
1 0.490423 0.561296 0.071389 0.071804
1 0.422517 0.536778 0.074871 0.071804
1 0.269292 0.711033 0.067906 0.070053
1 0.444282 0.710158 0.069648 0.071804
1 0.518282 0.723292 0.078354 0.073555
1 0.353740 0.804729 0.076612 0.078809