1 0.317863 0.379159 0.074723 0.050788
1 0.592236 0.396673 0.077058 0.057793
1 0.728838 0.419440 0.065382 0.043783
1 0.682137 0.312609 0.070053 0.050788
1 0.723001 0.243433 0.067717 0.045534
1 0.873614 0.450963 0.070053 0.050788
1 0.886457 0.573555 0.072388 0.050788
1 0.837420 0.521016 0.067717 0.043783
1 0.637770 0.472855 0.065382 0.042032
1 0.505838 0.483363 0.058377 0.049037
1 0.635435 0.548161 0.056042 0.049037
1 0.571220 0.540280 0.058377 0.047285
1 0.329539 0.482487 0.065382 0.047285
1 0.453298 0.660245 0.065382 0.052539
1 0.538529 0.712785 0.067717 0.049037
1 0.607414 0.652364 0.070053 0.050788
1 0.669294 0.650613 0.049037 0.043783