1 0.383246 0.220665 0.074723 0.052539
1 0.477817 0.265324 0.063047 0.050788
1 0.335377 0.287215 0.063047 0.052539
1 0.274664 0.293345 0.077058 0.047285
1 0.079685 0.390543 0.065382 0.042032
1 0.132224 0.431699 0.063047 0.047285
1 0.107706 0.502627 0.065382 0.045534
1 0.321366 0.391419 0.067717 0.047285
1 0.391419 0.394046 0.063047 0.045534
1 0.457968 0.442207 0.060712 0.047285
1 0.627262 0.427320 0.067717 0.049037
1 0.656451 0.533275 0.070053 0.050788
1 0.410099 0.774956 0.063047 0.047285
1 0.285172 0.695271 0.065382 0.045534
1 0.328371 0.621716 0.063047 0.049037
1 0.255984 0.500000 0.058377 0.050788
1 0.386748 0.539405 0.058377 0.056042
1 0.328371 0.464974 0.067717 0.043783
1 0.309691 0.521891 0.053707 0.042032