1 0.520198 0.941331 0.063480 0.061296
1 0.845294 0.595447 0.067327 0.063047
1 0.828943 0.448336 0.069251 0.066550
1 0.694288 0.198774 0.076946 0.078809
1 0.598106 0.123468 0.069251 0.068301
1 0.439405 0.213660 0.071175 0.070053
1 0.515389 0.216287 0.069251 0.068301
1 0.172981 0.330123 0.073098 0.064799
1 0.232614 0.402802 0.073098 0.070053
1 0.181637 0.501751 0.071175 0.064799
1 0.434596 0.708406 0.076946 0.061296
1 0.369192 0.822242 0.088487 0.068301
1 0.533664 0.581436 0.071175 0.073555
1 0.387467 0.514886 0.063480 0.063047
1 0.440367 0.552539 0.061557 0.068301
1 0.479802 0.466725 0.071175 0.064799
1 0.489420 0.359895 0.063480 0.068301
1 0.556747 0.372154 0.067327 0.068301
1 0.627922 0.447461 0.067327 0.071804