1 0.728723 0.725177 0.066489 0.101064
1 0.575798 0.705674 0.069149 0.097518
1 0.310505 0.699468 0.075798 0.095745
1 0.408910 0.593972 0.067819 0.079787
1 0.666888 0.554965 0.059840 0.079787
1 0.551197 0.505319 0.062500 0.076241
1 0.671543 0.328014 0.045213 0.054965
1 0.607713 0.311170 0.042553 0.067376
1 0.565824 0.278369 0.038564 0.051418
1 0.506649 0.266844 0.045213 0.053191
1 0.434176 0.287234 0.046543 0.058511
1 0.424867 0.367908 0.054521 0.067376
1 0.345080 0.352837 0.054521 0.062057
1 0.355718 0.510638 0.059840 0.072695
1 0.279255 0.556738 0.069149 0.079787
1 0.470080 0.436170 0.057181 0.069149
1 0.576463 0.450355 0.054521 0.072695