1 0.282837 0.426445 0.065382 0.043783
1 0.730006 0.316988 0.067717 0.042032
1 0.676299 0.392294 0.063047 0.052539
1 0.705487 0.504378 0.065382 0.052539
1 0.853765 0.551664 0.072388 0.049037
1 0.801226 0.618214 0.070053 0.045534
1 0.843257 0.676007 0.070053 0.056042
1 0.600409 0.740806 0.060712 0.052539
1 0.539696 0.732049 0.065382 0.052539
1 0.459136 0.791594 0.067717 0.045534
1 0.383246 0.726795 0.074723 0.056042
1 0.282837 0.534151 0.070053 0.049037
1 0.468476 0.554291 0.063047 0.050788
1 0.566550 0.470228 0.072388 0.054291
1 0.596906 0.553415 0.067717 0.052539
1 0.516346 0.618214 0.065382 0.045534
1 0.582896 0.633100 0.067717 0.057793