1 0.441623 0.500000 0.056042 0.040280
1 0.823409 0.367776 0.049037 0.049037
1 0.786048 0.434326 0.058377 0.042032
1 0.701985 0.514011 0.058377 0.043783
1 0.448628 0.598074 0.065382 0.050788
1 0.629597 0.597198 0.063047 0.049037
1 0.748687 0.589317 0.063047 0.047285
1 0.831582 0.530648 0.056042 0.042032
1 0.973001 0.563047 0.053998 0.043783
1 0.942499 0.628722 0.063047 0.042032
1 0.786048 0.753940 0.063047 0.050788
1 0.719498 0.758319 0.056042 0.042032
1 0.754524 0.659370 0.060712 0.043783
1 0.682137 0.649737 0.060712 0.042032
1 0.586398 0.773205 0.060712 0.040280
1 0.671629 0.817863 0.063047 0.052539