1 0.713660 0.337128 0.058377 0.040280
1 0.685639 0.415061 0.063047 0.042032
1 0.744016 0.512259 0.058377 0.050788
1 0.885289 0.528897 0.060712 0.045534
1 0.861938 0.597198 0.060712 0.038529
1 0.910975 0.633975 0.065382 0.052539
1 0.615587 0.506130 0.067717 0.042032
1 0.349387 0.520140 0.063047 0.038529
1 0.377408 0.618214 0.072388 0.042032
1 0.553707 0.597198 0.060712 0.042032
1 0.669294 0.574431 0.072388 0.042032
1 0.538529 0.773205 0.067717 0.043783
1 0.628430 0.804729 0.065382 0.050788
1 0.671629 0.739930 0.058377 0.054291
1 0.730006 0.731173 0.067717 0.047285
1 0.684472 0.641856 0.070053 0.043783
1 0.615587 0.643608 0.063047 0.047285