1 0.079685 0.281086 0.079393 0.061296
1 0.573555 0.123468 0.081728 0.068301
1 0.518681 0.211033 0.088733 0.061296
1 0.748687 0.379159 0.086398 0.061296
1 0.566550 0.336252 0.086398 0.059545
1 0.400759 0.302102 0.086398 0.054291
1 0.300350 0.415937 0.077058 0.057793
1 0.454466 0.401926 0.077058 0.050788
1 0.086690 0.406305 0.088733 0.056042
1 0.361062 0.482487 0.072388 0.057793
1 0.438120 0.490368 0.081728 0.059545
1 0.759194 0.531524 0.093403 0.050788
1 0.699650 0.462347 0.086398 0.063047
1 0.481319 0.615587 0.093403 0.061296
1 0.405429 0.609457 0.086398 0.056042
1 0.211617 0.619089 0.086398 0.057793
1 0.310858 0.689142 0.084063 0.061296