1 0.420607 0.225044 0.074723 0.050788
1 0.516346 0.267951 0.060712 0.049037
1 0.303853 0.295096 0.060712 0.047285
1 0.362230 0.288967 0.070053 0.056042
1 0.349387 0.387916 0.063047 0.040280
1 0.414769 0.394046 0.058377 0.045534
1 0.476649 0.443958 0.056042 0.047285
1 0.656451 0.429947 0.065382 0.047285
1 0.099533 0.383538 0.063047 0.042032
1 0.149737 0.429072 0.079393 0.045534
1 0.119381 0.496497 0.070053 0.043783
1 0.276999 0.500876 0.063047 0.052539
1 0.358727 0.460595 0.063047 0.045534
1 0.334209 0.521891 0.056042 0.052539
1 0.410099 0.534151 0.063047 0.056042
1 0.680969 0.538529 0.077058 0.054291
1 0.342382 0.621716 0.072388 0.049037
1 0.296848 0.698774 0.070053 0.042032
1 0.428780 0.774081 0.058377 0.052539