1 0.261753 0.246060 0.064289 0.057793
1 0.685303 0.099825 0.068071 0.049037
1 0.647486 0.190893 0.060507 0.052539
1 0.551998 0.289842 0.069961 0.054291
1 0.265535 0.381786 0.079416 0.045534
1 0.449892 0.392294 0.066180 0.052539
1 0.582252 0.384413 0.062398 0.061296
1 0.675849 0.323117 0.060507 0.064799
1 0.823335 0.372154 0.068071 0.057793
1 0.787409 0.457093 0.068071 0.056042
1 0.831844 0.521016 0.062398 0.061296
1 0.503782 0.468476 0.064289 0.057793
1 0.572798 0.479860 0.066180 0.059545
1 0.534035 0.609457 0.060507 0.056042
1 0.595488 0.613835 0.066180 0.064799
1 0.367640 0.613835 0.064289 0.061296
1 0.458401 0.688266 0.068071 0.063047