0 0.193610 0.412605 0.126427 0.146218
0 0.521383 0.292437 0.095210 0.131092
0 0.766433 0.184034 0.129548 0.129412
0 0.201414 0.549580 0.123305 0.121008
0 0.348132 0.411765 0.126427 0.107563
0 0.849937 0.536134 0.124866 0.107563
0 0.615813 0.473109 0.121744 0.102521
0 0.742240 0.739496 0.106136 0.114286
0 0.644688 0.724370 0.110819 0.104202
0 0.555721 0.809244 0.129548 0.122689
0 0.601766 0.568908 0.090528 0.102521
0 0.467535 0.472269 0.118623 0.127731
0 0.353595 0.514286 0.118623 0.107563
0 0.367642 0.617647 0.115501 0.112605
0 0.424612 0.802521 0.117062 0.132773
0 0.497971 0.699160 0.092089 0.100840