0 0.630420 0.263866 0.094118 0.077311
0 0.313333 0.347059 0.109804 0.085714
0 0.240504 0.436975 0.107563 0.080672
0 0.224818 0.600840 0.129972 0.089076
0 0.504412 0.366387 0.108599 0.087395
0 0.753669 0.297479 0.121008 0.090756
0 0.277460 0.532213 0.131466 0.089636
0 0.598655 0.470028 0.104575 0.068347
0 0.369337 0.429132 0.112045 0.082913
0 0.697255 0.408964 0.101587 0.073950
0 0.613595 0.566947 0.101587 0.071709
0 0.737507 0.590756 0.104202 0.055462
0 0.451232 0.550420 0.112045 0.084034
0 0.521821 0.582353 0.089636 0.082353
0 0.605294 0.384034 0.099720 0.072269