0 0.233781 0.333613 0.161345 0.119328
0 0.637143 0.354622 0.129972 0.090756
0 0.916134 0.359664 0.114286 0.100840
0 0.190084 0.443697 0.150140 0.090756
0 0.423137 0.384874 0.150140 0.090756
0 0.855630 0.629412 0.136695 0.092437
0 0.882521 0.942857 0.114286 0.087395
0 0.361513 0.548739 0.147899 0.092437
0 0.376078 0.468067 0.123249 0.082353
0 0.510532 0.472269 0.114286 0.087395
0 0.337983 0.713445 0.132213 0.102521
0 0.451148 0.656303 0.107563 0.092437
0 0.614734 0.579832 0.138936 0.090756
0 0.660672 0.513445 0.118768 0.075630
0 0.472437 0.755462 0.118768 0.095798
0 0.594566 0.713445 0.116527 0.102521
0 0.684202 0.744538 0.134454 0.097479