0 0.339104 0.137815 0.161345 0.121008
0 0.737983 0.248739 0.170308 0.127731
0 0.307731 0.416807 0.170308 0.080672
0 0.248347 0.755462 0.159104 0.122689
0 0.400728 0.786555 0.132213 0.100840
0 0.336863 0.610084 0.156863 0.097479
0 0.462353 0.537815 0.129972 0.087395
0 0.546387 0.412605 0.154622 0.105882
0 0.633781 0.451261 0.123249 0.099160
0 0.873557 0.404202 0.150140 0.112605
0 0.809692 0.489076 0.138936 0.097479
0 0.845546 0.586555 0.134454 0.087395
0 0.713333 0.590756 0.134454 0.095798
0 0.771597 0.688235 0.143417 0.092437
0 0.564314 0.667227 0.136695 0.104202
0 0.446667 0.647899 0.125490 0.109244