0 0.284202 0.349580 0.123249 0.087395
0 0.214734 0.440336 0.127731 0.080672
0 0.200168 0.599160 0.116527 0.085714
0 0.258431 0.538655 0.112045 0.095798
0 0.343585 0.428571 0.116527 0.080672
0 0.466835 0.364706 0.103081 0.084034
0 0.593445 0.265546 0.114286 0.094118
0 0.718936 0.295798 0.136695 0.087395
0 0.687563 0.412605 0.136695 0.092437
0 0.572157 0.376471 0.107563 0.087395
0 0.576639 0.464706 0.129972 0.082353
0 0.419776 0.548739 0.112045 0.082353
0 0.509412 0.589076 0.089636 0.089076
0 0.593445 0.568067 0.118768 0.090756
0 0.717815 0.595798 0.098599 0.075630