0 0.195324 0.305882 0.139655 0.161345
0 0.539474 0.251261 0.078378 0.139496
0 0.810946 0.195798 0.131105 0.142857
0 0.352080 0.342857 0.114004 0.127731
0 0.180361 0.460504 0.118279 0.107563
0 0.341392 0.569748 0.132530 0.121008
0 0.607164 0.470588 0.099754 0.107563
0 0.834460 0.594958 0.115429 0.121008
0 0.493160 0.839496 0.122555 0.139496
0 0.361342 0.797479 0.129680 0.149580
0 0.453258 0.695798 0.116854 0.121008
0 0.590776 0.763025 0.112579 0.134454
0 0.694805 0.790756 0.126830 0.132773
0 0.589351 0.568067 0.106879 0.121008
0 0.455396 0.433613 0.106879 0.121008
0 0.345667 0.453782 0.115429 0.121008