0 0.295406 0.157983 0.132213 0.100840
0 0.760392 0.465546 0.107563 0.077311
0 0.810812 0.600000 0.109804 0.084034
0 0.662913 0.217647 0.141176 0.109244
0 0.801849 0.365546 0.136695 0.115966
0 0.435462 0.282353 0.138936 0.100840
0 0.236022 0.423529 0.134454 0.100840
0 0.219216 0.724370 0.145658 0.104202
0 0.628179 0.825210 0.147899 0.110924
0 0.723417 0.698319 0.123249 0.102521
0 0.427619 0.407563 0.127731 0.099160
0 0.288683 0.308403 0.136695 0.102521
0 0.551989 0.443697 0.125490 0.080672
0 0.389524 0.536975 0.136695 0.089076
0 0.304370 0.603361 0.123249 0.090756
0 0.354790 0.773109 0.121008 0.104202
0 0.616975 0.688235 0.107563 0.085714
0 0.669636 0.563866 0.127731 0.109244
0 0.544146 0.574790 0.123249 0.107563
0 0.424258 0.672269 0.129972 0.097479