0 0.707731 0.773950 0.177031 0.112605
0 0.739104 0.497479 0.145658 0.077311
0 0.649468 0.177311 0.114286 0.115966
0 0.782801 0.219328 0.134454 0.112605
0 0.290924 0.242857 0.136695 0.105882
0 0.202409 0.337815 0.116527 0.090756
0 0.160952 0.517647 0.150140 0.100840
0 0.296527 0.694118 0.165826 0.110924
0 0.221457 0.446218 0.141176 0.095798
0 0.339104 0.348739 0.143417 0.099160
0 0.490364 0.289076 0.123249 0.094118
0 0.587843 0.402521 0.121008 0.085714
0 0.414174 0.478151 0.132213 0.099160
0 0.498207 0.527731 0.129972 0.097479
0 0.706611 0.341176 0.134454 0.080672
0 0.596807 0.308403 0.112045 0.089076