0 0.414174 0.179832 0.168067 0.104202
0 0.407451 0.341176 0.168067 0.104202
0 0.779440 0.262185 0.145658 0.107563
0 0.335742 0.733613 0.163585 0.112605
0 0.489244 0.774790 0.138936 0.104202
0 0.416415 0.602521 0.127731 0.085714
0 0.828739 0.677311 0.154622 0.097479
0 0.915014 0.410924 0.125490 0.099160
0 0.602409 0.413445 0.127731 0.094118
0 0.693165 0.452101 0.147899 0.104202
0 0.541905 0.525210 0.136695 0.089076
0 0.776078 0.584874 0.143417 0.087395
0 0.902689 0.578992 0.141176 0.082353
0 0.861232 0.478151 0.121008 0.089076
0 0.634902 0.655462 0.143417 0.107563
0 0.525098 0.632773 0.129972 0.095798