0 0.385042 0.115126 0.154622 0.105882
0 0.298767 0.373109 0.152381 0.067227
0 0.754790 0.257983 0.154622 0.122689
0 0.172157 0.692437 0.163585 0.114286
0 0.322297 0.744538 0.141176 0.097479
0 0.292045 0.559664 0.129972 0.097479
0 0.434342 0.505882 0.136695 0.090756
0 0.540784 0.396639 0.134454 0.104202
0 0.853389 0.426891 0.136695 0.094118
0 0.797367 0.601681 0.118768 0.087395
0 0.702129 0.694958 0.147899 0.102521
0 0.502689 0.642857 0.170308 0.105882
0 0.395126 0.605882 0.121008 0.095798
0 0.659552 0.587395 0.147899 0.095798
0 0.620336 0.448739 0.150140 0.104202