0 0.327757 0.101681 0.131725 0.115966
0 0.287740 0.397479 0.148399 0.078992
0 0.670408 0.186555 0.163405 0.117647
0 0.791295 0.379832 0.141729 0.110924
0 0.737104 0.459664 0.153401 0.102521
0 0.765450 0.586555 0.116718 0.100840
0 0.647898 0.591597 0.125055 0.100840
0 0.701255 0.699160 0.131725 0.114286
0 0.375278 0.789076 0.123388 0.129412
0 0.251891 0.748739 0.130057 0.126050
0 0.316086 0.593277 0.101711 0.124370
0 0.413629 0.642857 0.093374 0.115966
0 0.424467 0.522689 0.108381 0.097479
0 0.506169 0.675630 0.118385 0.107563
0 0.500333 0.386555 0.106714 0.121008
0 0.573699 0.431933 0.120053 0.110924