0 0.307731 0.148739 0.134454 0.082353
0 0.643866 0.177311 0.125490 0.085714
0 0.785042 0.304202 0.138936 0.090756
0 0.758151 0.400000 0.116527 0.080672
0 0.810812 0.514286 0.114286 0.077311
0 0.687563 0.521849 0.114286 0.082353
0 0.318936 0.286555 0.103081 0.085714
0 0.455630 0.288235 0.107563 0.082353
0 0.584482 0.361345 0.114286 0.077311
0 0.309972 0.653782 0.112045 0.090756
0 0.664034 0.715126 0.121008 0.082353
0 0.746947 0.608403 0.121008 0.080672
0 0.369356 0.542017 0.096359 0.072269
0 0.433221 0.684874 0.112045 0.075630
0 0.463473 0.565546 0.109804 0.075630
0 0.550868 0.590756 0.100840 0.085714
0 0.639384 0.607668 0.080672 0.075840
0 0.498494 0.480672 0.092437 0.058824