0 0.572617 0.215126 0.101700 0.100840
0 0.389736 0.390756 0.114189 0.102521
0 0.161358 0.594118 0.124894 0.092437
0 0.222021 0.692437 0.128463 0.100840
0 0.295174 0.536134 0.107052 0.090756
0 0.540501 0.487395 0.130247 0.087395
0 0.760850 0.445378 0.110621 0.097479
0 0.747469 0.632773 0.108836 0.095798
0 0.651122 0.652101 0.094563 0.087395
0 0.616330 0.757983 0.121326 0.100840
0 0.496788 0.797479 0.117757 0.095798
0 0.520875 0.695798 0.098131 0.090756
0 0.567264 0.560504 0.094563 0.099160
0 0.411147 0.540336 0.107052 0.102521
0 0.387060 0.679832 0.126678 0.099160
0 0.329966 0.612605 0.101700 0.089076