0 0.274743 0.149440 0.123249 0.107843
0 0.648226 0.207563 0.130719 0.103641
0 0.420401 0.274790 0.115780 0.089636
0 0.277544 0.305602 0.132586 0.092437
0 0.792951 0.356723 0.128852 0.093838
0 0.756536 0.458964 0.112045 0.082633
0 0.800420 0.586415 0.106443 0.091036
0 0.621148 0.813305 0.136321 0.102241
0 0.224323 0.421148 0.130719 0.093838
0 0.418534 0.399440 0.130719 0.092437
0 0.541783 0.433754 0.126984 0.088235
0 0.720121 0.683053 0.117647 0.096639
0 0.347572 0.762885 0.112045 0.088235
0 0.216853 0.717367 0.130719 0.098039
0 0.302754 0.589216 0.126984 0.102241
0 0.373716 0.530392 0.126984 0.085434
0 0.534314 0.568207 0.126984 0.099440
0 0.607143 0.682353 0.115780 0.095238
0 0.662232 0.558403 0.128852 0.099440
0 0.411064 0.669048 0.141923 0.091036