0 0.314454 0.134454 0.129972 0.100840
0 0.685322 0.199160 0.127731 0.102521
0 0.817535 0.350420 0.145658 0.092437
0 0.460112 0.257143 0.138936 0.100840
0 0.316695 0.279832 0.143417 0.099160
0 0.259552 0.394118 0.145658 0.092437
0 0.238263 0.694118 0.147899 0.110924
0 0.639384 0.799160 0.152381 0.112605
0 0.825378 0.579832 0.121008 0.090756
0 0.771597 0.448739 0.129972 0.077311
0 0.575518 0.415966 0.132213 0.089076
0 0.446667 0.379832 0.134454 0.097479
0 0.318936 0.570588 0.134454 0.095798
0 0.408571 0.502521 0.121008 0.084034
0 0.683081 0.542857 0.132213 0.100840
0 0.628179 0.667227 0.107563 0.097479
0 0.735742 0.670588 0.116527 0.100840
0 0.562073 0.553782 0.141176 0.099160
0 0.364874 0.737815 0.123249 0.090756
0 0.436583 0.645378 0.127731 0.090756