0 0.738690 0.599370 0.116246 0.050420
0 0.223284 0.608824 0.130252 0.092437
0 0.639951 0.271113 0.089636 0.072479
0 0.755497 0.303676 0.116246 0.089286
0 0.244993 0.444433 0.106443 0.072479
0 0.372444 0.434454 0.120448 0.079832
0 0.316422 0.351471 0.109244 0.081933
0 0.506898 0.373004 0.112045 0.085084
0 0.615441 0.577836 0.102241 0.068277
0 0.601436 0.476471 0.102241 0.071429
0 0.703676 0.416071 0.105042 0.076681
0 0.279307 0.535294 0.127451 0.088235
0 0.450175 0.556303 0.110644 0.086134
0 0.528606 0.590441 0.099440 0.080882
0 0.606338 0.389286 0.100840 0.073529