0 0.262573 0.207240 0.131006 0.099548
0 0.630597 0.242793 0.129282 0.103426
0 0.274639 0.355268 0.110321 0.085326
0 0.781426 0.388882 0.144796 0.098255
0 0.467701 0.411506 0.110321 0.091791
0 0.554751 0.442534 0.132730 0.084034
0 0.405645 0.523335 0.124111 0.090498
0 0.368584 0.754105 0.108597 0.091791
0 0.230683 0.726955 0.143073 0.104719
0 0.714200 0.653264 0.131006 0.096962
0 0.783150 0.551778 0.124111 0.087912
0 0.738332 0.458048 0.127559 0.091791
0 0.647835 0.566645 0.125835 0.086619
0 0.297048 0.595087 0.113769 0.096962
0 0.402198 0.622883 0.117216 0.090498
0 0.512519 0.639690 0.131006 0.103426