0 0.559993 0.207563 0.098760 0.119328
0 0.837112 0.189076 0.142982 0.146218
0 0.820161 0.580672 0.129715 0.136134
0 0.602740 0.430252 0.113501 0.117647
0 0.200328 0.216807 0.151826 0.144538
0 0.361735 0.273950 0.117923 0.127731
0 0.156844 0.363025 0.120871 0.121008
0 0.319725 0.494118 0.128241 0.127731
0 0.315303 0.721008 0.137085 0.137815
0 0.441333 0.782353 0.109079 0.126050
0 0.428804 0.638655 0.104657 0.127731
0 0.455337 0.377311 0.116449 0.115966
0 0.330781 0.381513 0.126767 0.117647
0 0.571049 0.521008 0.120871 0.127731
0 0.660228 0.764706 0.116449 0.144538
0 0.565152 0.715126 0.109079 0.149580