0 0.959748 0.227731 0.080504 0.089076
0 0.257311 0.178992 0.141176 0.089076
0 0.582241 0.240336 0.123249 0.097479
0 0.711092 0.365546 0.134454 0.095798
0 0.391765 0.293277 0.114286 0.078992
0 0.253950 0.318487 0.121008 0.082353
0 0.219216 0.419328 0.132213 0.085714
0 0.211373 0.681513 0.121008 0.089076
0 0.563193 0.757143 0.125490 0.085714
0 0.714454 0.563025 0.096359 0.070588
0 0.672997 0.452941 0.121008 0.068908
0 0.495966 0.430252 0.112045 0.080672
0 0.387283 0.401681 0.114286 0.080672
0 0.351429 0.514286 0.114286 0.080672
0 0.280840 0.572269 0.098599 0.089076
0 0.335742 0.718487 0.100840 0.075630
0 0.385042 0.628571 0.109804 0.077311
0 0.491485 0.547059 0.103081 0.082353
0 0.647227 0.642857 0.100840 0.078992
0 0.548627 0.647059 0.100840 0.080672
0 0.594566 0.536975 0.116527 0.078992