0 0.299888 0.199160 0.150140 0.112605
0 0.657311 0.227731 0.152381 0.115966
0 0.261793 0.426050 0.168067 0.078992
0 0.243866 0.704202 0.132213 0.097479
0 0.380560 0.747899 0.118768 0.097479
0 0.304370 0.591597 0.109804 0.087395
0 0.410812 0.624370 0.107563 0.085714
0 0.509412 0.651261 0.125490 0.105882
0 0.732381 0.665546 0.172549 0.104202
0 0.657311 0.566387 0.116527 0.084034
0 0.810812 0.564706 0.136695 0.084034
0 0.745826 0.451261 0.154622 0.089076
0 0.817535 0.375630 0.154622 0.102521
0 0.481401 0.405882 0.127731 0.095798
0 0.576639 0.441176 0.147899 0.092437
0 0.422017 0.522689 0.125490 0.077311