0 0.623697 0.149580 0.125490 0.097479
0 0.405210 0.338655 0.127731 0.089076
0 0.844426 0.384034 0.127731 0.102521
0 0.110532 0.562185 0.152381 0.099160
0 0.196807 0.657143 0.154622 0.100840
0 0.287563 0.487395 0.138936 0.094118
0 0.437703 0.493277 0.134454 0.092437
0 0.595686 0.439496 0.132213 0.095798
0 0.631541 0.500840 0.123249 0.080672
0 0.554230 0.737815 0.107563 0.100840
0 0.678599 0.694118 0.114286 0.110924
0 0.823137 0.568908 0.094118 0.089076
0 0.727899 0.594958 0.132213 0.080672
0 0.586723 0.643697 0.136695 0.090756
0 0.418655 0.630252 0.136695 0.107563
0 0.349188 0.561345 0.127731 0.080672