0 0.283031 0.122689 0.178776 0.127731
0 0.287094 0.324370 0.182839 0.124370
0 0.703561 0.202521 0.162524 0.129412
0 0.854911 0.383193 0.160492 0.114286
0 0.512596 0.399160 0.134082 0.119328
0 0.607062 0.447059 0.132050 0.124370
0 0.440476 0.542017 0.148303 0.099160
0 0.316551 0.626891 0.132050 0.104202
0 0.240368 0.774790 0.178776 0.147899
0 0.399845 0.833613 0.156429 0.114286
0 0.426255 0.669748 0.136114 0.122689
0 0.534943 0.689916 0.146271 0.115966
0 0.689340 0.600000 0.146271 0.107563
0 0.772633 0.710084 0.195028 0.105882
0 0.843738 0.590756 0.146271 0.102521
0 0.800059 0.473109 0.160492 0.102521