0 0.215854 0.359664 0.165826 0.117647
0 0.897087 0.373109 0.152381 0.114286
0 0.632661 0.382353 0.143417 0.109244
0 0.396246 0.407563 0.150140 0.095798
0 0.176639 0.469748 0.150140 0.085714
0 0.353669 0.576471 0.154622 0.097479
0 0.332381 0.735294 0.161345 0.095798
0 0.851148 0.642017 0.136695 0.094118
0 0.885882 0.953782 0.112045 0.085714
0 0.614734 0.602521 0.138936 0.092437
0 0.656190 0.531933 0.132213 0.078992
0 0.497087 0.491597 0.118768 0.092437
0 0.363753 0.490756 0.165826 0.087395
0 0.693165 0.761345 0.134454 0.097479
0 0.594566 0.729412 0.125490 0.097479
0 0.471316 0.773950 0.112045 0.085714
0 0.464594 0.671429 0.134454 0.099160