0 0.342465 0.151261 0.181513 0.121008
0 0.315574 0.421849 0.127731 0.067227
0 0.745826 0.239496 0.145658 0.122689
0 0.879160 0.410084 0.147899 0.087395
0 0.545266 0.415126 0.147899 0.097479
0 0.644986 0.460504 0.136695 0.107563
0 0.810812 0.491597 0.132213 0.099160
0 0.853389 0.586555 0.132213 0.087395
0 0.782801 0.693277 0.134454 0.095798
0 0.716695 0.591597 0.141176 0.100840
0 0.475798 0.538655 0.138936 0.089076
0 0.339104 0.607563 0.129972 0.102521
0 0.259552 0.757983 0.159104 0.110924
0 0.409692 0.796639 0.127731 0.100840
0 0.463473 0.652941 0.136695 0.092437
0 0.567675 0.669748 0.125490 0.105882