0 0.278599 0.180672 0.147899 0.105882
0 0.664034 0.216807 0.134454 0.100840
0 0.824258 0.368908 0.163585 0.099160
0 0.435462 0.300000 0.138936 0.095798
0 0.290924 0.337815 0.132213 0.097479
0 0.243866 0.455462 0.136695 0.100840
0 0.436583 0.426050 0.136695 0.095798
0 0.786162 0.470588 0.127731 0.087395
0 0.566555 0.456303 0.145658 0.089076
0 0.269636 0.756303 0.143417 0.107563
0 0.672997 0.837815 0.143417 0.109244
0 0.843305 0.602521 0.129972 0.092437
0 0.573277 0.603361 0.127731 0.090756
0 0.408571 0.558824 0.125490 0.095798
0 0.330140 0.629412 0.125490 0.082353
0 0.401849 0.794958 0.112045 0.084034
0 0.455630 0.694958 0.121008 0.092437
0 0.648347 0.708403 0.116527 0.082353
0 0.767115 0.705882 0.129972 0.094118
0 0.697647 0.577311 0.125490 0.095798