0 0.302129 0.173950 0.159104 0.102521
0 0.670756 0.220168 0.147899 0.100840
0 0.825378 0.362185 0.147899 0.102521
0 0.443305 0.296639 0.114286 0.099160
0 0.301008 0.331092 0.129972 0.090756
0 0.256190 0.450420 0.138936 0.100840
0 0.275238 0.745378 0.136695 0.099160
0 0.683081 0.826050 0.154622 0.112605
0 0.850028 0.598319 0.125490 0.087395
0 0.791765 0.470588 0.129972 0.087395
0 0.578880 0.454622 0.125490 0.095798
0 0.444426 0.421849 0.129972 0.104202
0 0.578880 0.589916 0.138936 0.100840
0 0.420896 0.560504 0.141176 0.095798
0 0.344706 0.622689 0.123249 0.082353
0 0.407451 0.784034 0.114286 0.095798
0 0.465714 0.689916 0.132213 0.092437
0 0.660672 0.702521 0.118768 0.084034
0 0.769356 0.697479 0.125490 0.094118
0 0.702129 0.574790 0.143417 0.090756