0 0.425378 0.113445 0.145658 0.109244
0 0.312213 0.371429 0.152381 0.070588
0 0.780560 0.275630 0.147899 0.114286
0 0.864594 0.453782 0.136695 0.107563
0 0.553109 0.401681 0.141176 0.104202
0 0.620336 0.461345 0.132213 0.105882
0 0.435462 0.510924 0.125490 0.097479
0 0.652829 0.606723 0.138936 0.107563
0 0.787283 0.626891 0.107563 0.094118
0 0.783922 0.520168 0.150140 0.099160
0 0.154230 0.678151 0.145658 0.112605
0 0.290924 0.750420 0.136695 0.109244
0 0.283081 0.564706 0.116527 0.084034
0 0.382801 0.607563 0.132213 0.085714
0 0.488123 0.651261 0.154622 0.105882
0 0.686443 0.721008 0.129972 0.090756