0 0.823686 0.226050 0.122537 0.119328
0 0.371242 0.205882 0.164011 0.142857
0 0.325055 0.340336 0.143274 0.105882
0 0.566358 0.272269 0.162126 0.107563
0 0.850078 0.446218 0.141389 0.129412
0 0.507918 0.484034 0.173437 0.121008
0 0.668158 0.379832 0.139503 0.114286
0 0.523942 0.376471 0.137618 0.114286
0 0.478697 0.692437 0.148929 0.127731
0 0.610660 0.629412 0.130078 0.119328
0 0.799178 0.531933 0.145159 0.112605
0 0.631397 0.763866 0.130078 0.119328
0 0.772786 0.709244 0.141389 0.134454
0 0.895323 0.757143 0.137618 0.132773