0 0.309419 0.163445 0.117647 0.084034
0 0.647654 0.190756 0.110644 0.088235
0 0.790511 0.315756 0.124650 0.081933
0 0.331127 0.297899 0.102241 0.084034
0 0.759699 0.408193 0.102241 0.075630
0 0.808718 0.520588 0.102241 0.075630
0 0.588831 0.375105 0.110644 0.076681
0 0.689671 0.528992 0.121849 0.081933
0 0.502696 0.484349 0.103641 0.064076
0 0.376646 0.548950 0.089636 0.079832
0 0.312920 0.657143 0.124650 0.088235
0 0.665161 0.722794 0.128852 0.089286
0 0.745693 0.615126 0.102241 0.090336
0 0.642752 0.615651 0.106443 0.080882
0 0.555217 0.597794 0.113445 0.080882
0 0.463480 0.577311 0.095238 0.077731
0 0.431968 0.688655 0.093838 0.084034