0 0.265154 0.138655 0.134454 0.105882
0 0.690924 0.188235 0.147899 0.114286
0 0.437703 0.265546 0.125490 0.107563
0 0.285322 0.311765 0.138936 0.099160
0 0.234902 0.435294 0.132213 0.117647
0 0.850028 0.350420 0.152381 0.105882
0 0.814174 0.465546 0.138936 0.097479
0 0.867955 0.605882 0.125490 0.102521
0 0.576639 0.441176 0.134454 0.105882
0 0.437703 0.407563 0.125490 0.095798
0 0.401849 0.551261 0.125490 0.097479
0 0.674118 0.853782 0.150140 0.100840
0 0.247227 0.747899 0.138936 0.104202
0 0.386162 0.798319 0.121008 0.100840
0 0.441064 0.693277 0.127731 0.099160
0 0.790644 0.712605 0.141176 0.100840
0 0.316695 0.622689 0.134454 0.092437
0 0.571036 0.593277 0.145658 0.104202
0 0.705490 0.578151 0.145658 0.100840
0 0.660672 0.714286 0.127731 0.110924