0 0.327899 0.148739 0.129972 0.095798
0 0.696527 0.215126 0.141176 0.100840
0 0.260672 0.406723 0.138936 0.097479
0 0.640504 0.818487 0.136695 0.121008
0 0.825378 0.597479 0.103081 0.092437
0 0.787283 0.463866 0.129972 0.087395
0 0.829860 0.368067 0.147899 0.097479
0 0.469076 0.271429 0.134454 0.092437
0 0.323417 0.299160 0.134454 0.094118
0 0.236022 0.715126 0.147899 0.105882
0 0.438823 0.663025 0.141176 0.089076
0 0.374958 0.763866 0.129972 0.092437
0 0.634902 0.686555 0.116527 0.089076
0 0.582241 0.436134 0.136695 0.075630
0 0.451148 0.396639 0.134454 0.087395
0 0.407451 0.526050 0.136695 0.097479
0 0.566555 0.569748 0.127731 0.110924
0 0.325658 0.587395 0.134454 0.095798
0 0.748067 0.694118 0.127731 0.104202
0 0.688683 0.563025 0.134454 0.100840