0 0.612493 0.385714 0.098599 0.095798
0 0.894846 0.362185 0.134454 0.115966
0 0.885882 0.636134 0.138936 0.095798
0 0.942941 0.944538 0.114118 0.080672
0 0.188964 0.510924 0.129972 0.087395
0 0.219216 0.396639 0.163585 0.107563
0 0.401849 0.429412 0.143417 0.095798
0 0.370476 0.601681 0.116527 0.094118
0 0.363753 0.754622 0.138936 0.104202
0 0.627059 0.605042 0.109804 0.087395
0 0.662913 0.531933 0.127731 0.089076
0 0.509412 0.510084 0.107563 0.092437
0 0.507171 0.789076 0.112045 0.105882
0 0.479160 0.692437 0.109804 0.087395
0 0.622577 0.742857 0.100840 0.100840
0 0.724538 0.763866 0.112045 0.109244