0 0.312213 0.157983 0.134454 0.094118
0 0.679720 0.225210 0.125490 0.104202
0 0.450028 0.283193 0.123249 0.095798
0 0.307731 0.313445 0.129972 0.092437
0 0.814174 0.378992 0.134454 0.092437
0 0.249468 0.425210 0.138936 0.094118
0 0.441064 0.407563 0.123249 0.092437
0 0.770476 0.475630 0.114286 0.090756
0 0.818655 0.605882 0.116527 0.092437
0 0.568795 0.447059 0.132213 0.094118
0 0.556471 0.584874 0.143417 0.104202
0 0.392885 0.535294 0.134454 0.089076
0 0.232661 0.723529 0.150140 0.099160
0 0.358151 0.771429 0.123249 0.094118
0 0.624818 0.831933 0.145658 0.110924
0 0.309972 0.600840 0.125490 0.099160
0 0.427619 0.673950 0.127731 0.097479
0 0.619216 0.699160 0.116527 0.094118
0 0.731260 0.702521 0.129972 0.094118