0 0.713333 0.189916 0.179272 0.110924
0 0.857871 0.358824 0.159104 0.102521
0 0.280840 0.145378 0.138936 0.105882
0 0.292045 0.310084 0.147899 0.109244
0 0.448908 0.273950 0.134454 0.094118
0 0.247227 0.439496 0.147899 0.109244
0 0.253950 0.757143 0.152381 0.109244
0 0.680840 0.857143 0.163585 0.107563
0 0.879160 0.611765 0.134454 0.097479
0 0.818655 0.472269 0.156863 0.094118
0 0.585602 0.450420 0.152381 0.100840
0 0.447787 0.412605 0.141176 0.112605
0 0.414174 0.554622 0.136695 0.087395
0 0.327899 0.625210 0.129972 0.107563
0 0.575518 0.598319 0.141176 0.104202
0 0.720056 0.584874 0.143417 0.114286
0 0.664034 0.715126 0.134454 0.095798
0 0.794006 0.719328 0.129972 0.100840
0 0.450028 0.699160 0.145658 0.100840
0 0.398487 0.799160 0.141176 0.095798