0 0.323417 0.181513 0.156863 0.114286
0 0.314454 0.457983 0.138936 0.065546
0 0.717815 0.266387 0.161345 0.109244
0 0.262913 0.782353 0.170308 0.129412
0 0.420896 0.812605 0.127731 0.102521
0 0.339104 0.639496 0.125490 0.099160
0 0.472437 0.568908 0.132213 0.078992
0 0.538543 0.436975 0.138936 0.100840
0 0.636022 0.478992 0.127731 0.100840
0 0.860112 0.427731 0.159104 0.105882
0 0.801849 0.510084 0.141176 0.095798
0 0.842185 0.610924 0.141176 0.095798
0 0.773837 0.710924 0.143417 0.104202
0 0.708851 0.612605 0.143417 0.092437
0 0.567675 0.689076 0.143417 0.097479
0 0.454510 0.675630 0.118768 0.100840