0 0.586082 0.314286 0.109746 0.124370
0 0.887882 0.251261 0.130323 0.122689
0 0.918748 0.639496 0.144041 0.136134
0 0.165104 0.367227 0.180052 0.152941
0 0.142812 0.535294 0.159474 0.122689
0 0.361446 0.401681 0.150900 0.127731
0 0.365733 0.861345 0.149186 0.152941
0 0.672678 0.517647 0.108031 0.107563
0 0.352872 0.525210 0.144041 0.129412
0 0.352872 0.643697 0.140612 0.114286
0 0.644384 0.627731 0.137182 0.119328
0 0.490912 0.500840 0.128608 0.121008
0 0.651243 0.812605 0.123464 0.122689
0 0.766133 0.838655 0.126893 0.141176
0 0.537211 0.898319 0.142326 0.136134
0 0.491769 0.764706 0.120034 0.117647