0 0.324538 0.166387 0.185994 0.121008
0 0.307731 0.447899 0.134454 0.068908
0 0.732381 0.263866 0.150140 0.124370
0 0.870196 0.421849 0.147899 0.100840
0 0.554230 0.432773 0.143417 0.109244
0 0.634902 0.472269 0.134454 0.097479
0 0.475798 0.558824 0.138936 0.095798
0 0.336863 0.636975 0.134454 0.097479
0 0.260672 0.779832 0.147899 0.124370
0 0.415294 0.807563 0.125490 0.095798
0 0.450028 0.668067 0.127731 0.099160
0 0.564314 0.684034 0.136695 0.110924
0 0.774958 0.705882 0.127731 0.114286
0 0.708851 0.602521 0.138936 0.102521
0 0.834342 0.598319 0.125490 0.077311
0 0.811933 0.494958 0.147899 0.105882