0 0.228179 0.237815 0.145658 0.092437
0 0.556471 0.270588 0.143417 0.094118
0 0.227059 0.379832 0.125490 0.094118
0 0.713333 0.408403 0.152381 0.100840
0 0.408571 0.427731 0.125490 0.095798
0 0.348067 0.539496 0.125490 0.073950
0 0.177759 0.724370 0.134454 0.104202
0 0.299888 0.763025 0.114286 0.090756
0 0.627059 0.671429 0.109804 0.095798
0 0.706611 0.576471 0.125490 0.084034
0 0.573277 0.573950 0.127731 0.089076
0 0.660672 0.473950 0.150140 0.080672
0 0.499328 0.459664 0.123249 0.085714
0 0.441064 0.649580 0.136695 0.092437
0 0.237143 0.608403 0.096359 0.080672
0 0.337983 0.635294 0.105322 0.104202