0 0.278599 0.252941 0.125490 0.102521
0 0.642745 0.182353 0.127731 0.095798
0 0.769356 0.226050 0.143417 0.102521
0 0.712213 0.347899 0.145658 0.084034
0 0.724538 0.515126 0.143417 0.065546
0 0.689804 0.782353 0.163585 0.122689
0 0.295406 0.700840 0.177031 0.117647
0 0.154230 0.530252 0.154622 0.095798
0 0.190084 0.349580 0.132213 0.087395
0 0.334622 0.350420 0.152381 0.092437
0 0.493725 0.286555 0.147899 0.095798
0 0.572157 0.411765 0.125490 0.087395
0 0.218095 0.454622 0.161345 0.092437
0 0.407451 0.485714 0.136695 0.104202
0 0.494846 0.524370 0.136695 0.090756
0 0.592325 0.307563 0.112045 0.097479