0 0.296527 0.150420 0.129972 0.102521
0 0.643866 0.172269 0.125490 0.082353
0 0.788403 0.310084 0.145658 0.095798
0 0.306611 0.285714 0.096359 0.080672
0 0.455630 0.290756 0.107563 0.097479
0 0.763753 0.401681 0.109804 0.070588
0 0.585602 0.361345 0.098599 0.080672
0 0.312213 0.654622 0.112045 0.095798
0 0.662913 0.721849 0.123249 0.082353
0 0.814776 0.514706 0.099804 0.076471
0 0.693207 0.523950 0.116443 0.078151
0 0.369356 0.542857 0.087395 0.070588
0 0.426499 0.689076 0.089636 0.080672
0 0.548627 0.591176 0.105322 0.084874
0 0.750308 0.605882 0.109804 0.082353
0 0.646751 0.611345 0.092997 0.064706
0 0.462437 0.569328 0.098599 0.073109
0 0.498852 0.481933 0.090756 0.063025
0 0.502213 0.337815 0.099720 0.063866