0 0.624818 0.183193 0.132213 0.090756
0 0.720056 0.504202 0.147899 0.073950
0 0.677479 0.764706 0.165826 0.114286
0 0.269636 0.250420 0.121008 0.100840
0 0.190084 0.343697 0.114286 0.089076
0 0.324538 0.343697 0.154622 0.092437
0 0.221457 0.443697 0.132213 0.100840
0 0.149748 0.520168 0.141176 0.092437
0 0.284202 0.685714 0.145658 0.114286
0 0.397367 0.478151 0.129972 0.105882
0 0.481401 0.517647 0.141176 0.097479
0 0.472437 0.287395 0.127731 0.094118
0 0.759272 0.218487 0.132213 0.097479
0 0.671877 0.339496 0.123249 0.087395
0 0.577759 0.311765 0.109804 0.085714
0 0.568795 0.402521 0.127731 0.085714