0 0.231541 0.215966 0.143417 0.095798
0 0.586723 0.245378 0.141176 0.107563
0 0.228179 0.355462 0.136695 0.095798
0 0.739104 0.380672 0.154622 0.092437
0 0.424258 0.405882 0.116527 0.095798
0 0.370476 0.524370 0.134454 0.080672
0 0.240504 0.583193 0.143417 0.100840
0 0.188964 0.720168 0.129972 0.102521
0 0.316695 0.750420 0.112045 0.102521
0 0.665154 0.654622 0.150140 0.095798
0 0.680840 0.458824 0.127731 0.077311
0 0.733501 0.555462 0.121008 0.082353
0 0.596807 0.563025 0.129972 0.087395
0 0.463473 0.633613 0.127731 0.094118
0 0.355910 0.626050 0.109804 0.099160
0 0.511653 0.440336 0.121008 0.087395