0 0.304171 0.349486 0.102085 0.077498
0 0.233831 0.439589 0.093371 0.076564
0 0.490289 0.368627 0.108310 0.082166
0 0.616651 0.267320 0.089636 0.070028
0 0.583660 0.469468 0.095861 0.067227
0 0.215780 0.600654 0.124494 0.088702
0 0.358326 0.429785 0.113290 0.077498
0 0.741768 0.297199 0.120759 0.083100
0 0.682011 0.405042 0.095861 0.070962
0 0.588640 0.383567 0.095861 0.074697
0 0.268067 0.527824 0.114535 0.086835
0 0.439869 0.546965 0.112045 0.087768
0 0.722471 0.586648 0.112045 0.051354
0 0.592375 0.569374 0.100840 0.070962
0 0.515188 0.581046 0.098350 0.081232