0 0.268515 0.140336 0.159104 0.112605
0 0.686443 0.182353 0.147899 0.115966
0 0.854510 0.352941 0.152381 0.107563
0 0.806330 0.466387 0.132213 0.095798
0 0.862353 0.605882 0.136695 0.095798
0 0.442185 0.271429 0.134454 0.105882
0 0.279720 0.306723 0.132213 0.105882
0 0.237143 0.434454 0.132213 0.105882
0 0.436583 0.407563 0.141176 0.105882
0 0.574398 0.442857 0.138936 0.099160
0 0.406330 0.551261 0.125490 0.094118
0 0.244986 0.751261 0.134454 0.114286
0 0.674118 0.848739 0.154622 0.104202
0 0.653950 0.715966 0.136695 0.090756
0 0.778319 0.715966 0.138936 0.107563
0 0.711092 0.574790 0.152381 0.107563
0 0.567675 0.588235 0.134454 0.121008
0 0.441064 0.694118 0.150140 0.097479
0 0.382801 0.799160 0.123249 0.102521
0 0.318936 0.625210 0.134454 0.097479