0 0.268515 0.210084 0.150140 0.104202
0 0.638263 0.248739 0.145658 0.107563
0 0.284202 0.356303 0.141176 0.100840
0 0.419776 0.531933 0.125490 0.085714
0 0.247227 0.731933 0.152381 0.099160
0 0.380560 0.762185 0.114286 0.092437
0 0.734622 0.663025 0.136695 0.102521
0 0.798487 0.386555 0.143417 0.094118
0 0.472437 0.412605 0.114286 0.095798
0 0.563193 0.439496 0.121008 0.092437
0 0.792885 0.557983 0.127731 0.087395
0 0.655070 0.565546 0.143417 0.092437
0 0.298767 0.591597 0.121008 0.100840
0 0.416415 0.623529 0.109804 0.090756
0 0.519496 0.636975 0.127731 0.110924
0 0.752549 0.461345 0.145658 0.095798