0 0.292045 0.139496 0.156863 0.121008
0 0.701008 0.184034 0.150140 0.122689
0 0.451148 0.273109 0.134454 0.099160
0 0.247227 0.440336 0.152381 0.107563
0 0.265154 0.748739 0.156863 0.115966
0 0.692045 0.850420 0.154622 0.114286
0 0.864594 0.350420 0.168067 0.126050
0 0.883641 0.609244 0.129972 0.095798
0 0.817535 0.461345 0.127731 0.078992
0 0.583361 0.437815 0.125490 0.099160
0 0.298767 0.311765 0.134454 0.102521
0 0.456751 0.410084 0.141176 0.110924
0 0.414174 0.549580 0.154622 0.104202
0 0.336863 0.628571 0.125490 0.107563
0 0.400728 0.802521 0.109804 0.102521
0 0.584482 0.589076 0.136695 0.105882
0 0.721176 0.578992 0.154622 0.102521
0 0.809692 0.722689 0.134454 0.107563
0 0.668515 0.721008 0.134454 0.104202
0 0.455630 0.700000 0.143417 0.099160