0 0.307731 0.188235 0.134454 0.087395
0 0.630420 0.228571 0.116527 0.097479
0 0.443305 0.299160 0.123249 0.070588
0 0.316695 0.331933 0.116527 0.089076
0 0.284202 0.429412 0.127731 0.085714
0 0.289804 0.676471 0.116527 0.082353
0 0.399608 0.711765 0.098599 0.075630
0 0.631541 0.750420 0.118768 0.095798
0 0.764874 0.356303 0.125490 0.084034
0 0.731260 0.447059 0.116527 0.080672
0 0.547507 0.431933 0.107563 0.084034
0 0.436583 0.404202 0.127731 0.072269
0 0.773837 0.557143 0.107563 0.075630
0 0.718936 0.642017 0.114286 0.087395
0 0.611373 0.645378 0.100840 0.073950
0 0.548627 0.547059 0.114286 0.082353
0 0.408571 0.513445 0.121008 0.075630
0 0.448908 0.623529 0.121008 0.077311
0 0.350308 0.573950 0.103081 0.078992
0 0.648347 0.536975 0.125490 0.082353