0 0.627787 0.814902 0.129972 0.110924
0 0.355145 0.766162 0.107563 0.087395
0 0.228908 0.719664 0.138936 0.099720
0 0.420131 0.667563 0.121008 0.091877
0 0.612848 0.688291 0.109057 0.081793
0 0.810047 0.589132 0.112045 0.073950
0 0.382782 0.531429 0.115033 0.086275
0 0.301363 0.598095 0.113539 0.087395
0 0.730121 0.685490 0.122502 0.094118
0 0.650196 0.207619 0.126984 0.095238
0 0.281391 0.161681 0.124388 0.095238
0 0.424612 0.282689 0.123996 0.070588
0 0.784650 0.356639 0.156863 0.079552
0 0.757759 0.455798 0.103081 0.080672
0 0.652437 0.553838 0.140430 0.090756
0 0.534416 0.570644 0.119514 0.095238
0 0.544127 0.432269 0.082166 0.082913
0 0.277460 0.307339 0.104575 0.079552
0 0.423119 0.397535 0.097106 0.085154
0 0.239561 0.429860 0.127376 0.091541