0 0.307673 0.174790 0.157001 0.121008
0 0.649330 0.235294 0.173058 0.137815
0 0.268423 0.442857 0.149865 0.095798
0 0.309457 0.632773 0.110615 0.105882
0 0.247013 0.775630 0.128456 0.112605
0 0.369225 0.815966 0.108831 0.105882
0 0.405799 0.671429 0.117751 0.085714
0 0.503033 0.694958 0.123103 0.102521
0 0.415612 0.560504 0.112399 0.082353
0 0.481624 0.431092 0.119535 0.105882
0 0.569045 0.477311 0.123103 0.104202
0 0.785814 0.414286 0.142729 0.109244
0 0.728723 0.494118 0.142729 0.121008
0 0.627921 0.616807 0.123103 0.110924
0 0.690364 0.726891 0.144513 0.109244
0 0.760837 0.613445 0.121319 0.097479