0 0.361513 0.179832 0.152381 0.110924
0 0.734622 0.245378 0.145658 0.107563
0 0.372717 0.336975 0.134454 0.105882
0 0.498207 0.526050 0.116527 0.080672
0 0.309972 0.726891 0.147899 0.105882
0 0.460112 0.768067 0.125490 0.097479
0 0.890364 0.391597 0.152381 0.094118
0 0.572157 0.407563 0.143417 0.095798
0 0.650588 0.436975 0.134454 0.097479
0 0.742465 0.573950 0.138936 0.095798
0 0.873557 0.565546 0.114286 0.089076
0 0.835462 0.463866 0.154622 0.090756
0 0.383922 0.597479 0.125490 0.102521
0 0.491485 0.630252 0.125490 0.087395
0 0.604650 0.647059 0.132213 0.097479
0 0.808571 0.668067 0.154622 0.095798