0 0.255070 0.209244 0.163585 0.095798
0 0.614734 0.239496 0.138936 0.122689
0 0.261793 0.360504 0.154622 0.095798
0 0.283081 0.594958 0.112045 0.104202
0 0.223697 0.718487 0.150140 0.112605
0 0.364874 0.759664 0.159104 0.100840
0 0.498207 0.642017 0.121008 0.110924
0 0.386162 0.626891 0.112045 0.104202
0 0.707731 0.657983 0.168067 0.099160
0 0.778319 0.555462 0.143417 0.078992
0 0.718936 0.462185 0.150140 0.084034
0 0.764874 0.386555 0.161345 0.084034
0 0.395126 0.525210 0.112045 0.082353
0 0.631541 0.568908 0.123249 0.089076
0 0.461232 0.411765 0.109804 0.097479
0 0.547507 0.442857 0.129972 0.092437