0 0.313333 0.162185 0.136695 0.089076
0 0.642745 0.187395 0.123249 0.099160
0 0.791765 0.319328 0.138936 0.094118
0 0.331260 0.298319 0.114286 0.082353
0 0.312213 0.653782 0.143417 0.097479
0 0.434342 0.691597 0.100840 0.085714
0 0.660672 0.726050 0.114286 0.090756
0 0.811933 0.522689 0.125490 0.084034
0 0.757031 0.414286 0.118768 0.078992
0 0.591204 0.384034 0.109804 0.075630
0 0.465714 0.305882 0.114286 0.080672
0 0.506050 0.481513 0.118768 0.068908
0 0.360392 0.539496 0.127731 0.084034
0 0.463473 0.572269 0.105322 0.072269
0 0.551989 0.593277 0.112045 0.090756
0 0.689804 0.526050 0.123249 0.084034
0 0.749188 0.610084 0.125490 0.080672
0 0.639384 0.615966 0.094118 0.082353