0 0.387283 0.189916 0.150140 0.110924
0 0.753669 0.263025 0.161345 0.109244
0 0.386162 0.350420 0.152381 0.102521
0 0.580000 0.417647 0.145658 0.089076
0 0.522857 0.538655 0.129972 0.082353
0 0.395126 0.605882 0.121008 0.089076
0 0.326779 0.738655 0.145658 0.112605
0 0.463473 0.775630 0.123249 0.099160
0 0.817535 0.682353 0.136695 0.107563
0 0.888123 0.581513 0.129972 0.080672
0 0.842185 0.484034 0.141176 0.087395
0 0.890364 0.413445 0.125490 0.094118
0 0.674118 0.457143 0.127731 0.100840
0 0.754790 0.587395 0.132213 0.089076
0 0.609132 0.657143 0.132213 0.104202
0 0.503809 0.636134 0.118768 0.092437