0 0.213613 0.232773 0.143417 0.095798
0 0.553109 0.262185 0.145658 0.097479
0 0.717815 0.402521 0.147899 0.095798
0 0.218095 0.370588 0.125490 0.095798
0 0.352549 0.536134 0.143417 0.067227
0 0.172157 0.734454 0.145658 0.100840
0 0.318936 0.770588 0.129972 0.109244
0 0.643866 0.670588 0.129972 0.094118
0 0.574398 0.576471 0.152381 0.077311
0 0.400728 0.429412 0.114286 0.095798
0 0.493725 0.457983 0.125490 0.099160
0 0.666274 0.473109 0.134454 0.092437
0 0.715574 0.564706 0.125490 0.084034
0 0.225938 0.604202 0.132213 0.089076
0 0.336863 0.639496 0.112045 0.099160
0 0.433221 0.652101 0.129972 0.087395