0 0.322297 0.215126 0.141176 0.094118
0 0.693165 0.261345 0.147899 0.102521
0 0.342465 0.362185 0.141176 0.102521
0 0.528459 0.422689 0.123249 0.095798
0 0.847787 0.400000 0.138936 0.094118
0 0.845546 0.572269 0.112045 0.089076
0 0.783922 0.666387 0.136695 0.099160
0 0.428739 0.775630 0.125490 0.095798
0 0.292045 0.737815 0.147899 0.114286
0 0.352549 0.611765 0.107563 0.087395
0 0.463473 0.536134 0.127731 0.080672
0 0.616975 0.460504 0.125490 0.094118
0 0.791765 0.473950 0.134454 0.094118
0 0.711092 0.576471 0.134454 0.094118
0 0.569916 0.651261 0.134454 0.112605
0 0.461232 0.641176 0.118768 0.105882