0 0.507171 0.148739 0.134454 0.085714
0 0.805210 0.347059 0.152381 0.109244
0 0.344706 0.377311 0.136695 0.089076
0 0.559832 0.430252 0.136695 0.107563
0 0.854510 0.532773 0.116527 0.090756
0 0.427619 0.524370 0.141176 0.100840
0 0.269636 0.547899 0.129972 0.100840
0 0.102689 0.656303 0.150140 0.092437
0 0.228179 0.738655 0.141176 0.109244
0 0.620336 0.752941 0.114286 0.087395
0 0.610252 0.645378 0.129972 0.100840
0 0.737983 0.684874 0.116527 0.082353
0 0.749188 0.584874 0.121008 0.087395
0 0.620336 0.502521 0.132213 0.087395
0 0.445546 0.660504 0.145658 0.104202
0 0.362633 0.615126 0.136695 0.084034