0 0.274178 0.122689 0.144687 0.124370
0 0.249453 0.421849 0.128204 0.077311
0 0.276925 0.621008 0.113552 0.105882
0 0.209160 0.772269 0.153845 0.122689
0 0.330038 0.817647 0.113552 0.105882
0 0.648716 0.205042 0.157508 0.131092
0 0.465568 0.396639 0.120878 0.127731
0 0.553479 0.451261 0.131867 0.136134
0 0.395972 0.541176 0.128204 0.107563
0 0.380404 0.657983 0.126372 0.099160
0 0.481136 0.688235 0.126372 0.112605
0 0.621244 0.607563 0.124541 0.095798
0 0.686262 0.724370 0.133698 0.104202
0 0.769594 0.601681 0.128204 0.094118
0 0.732965 0.484874 0.142856 0.119328
0 0.785162 0.392437 0.166665 0.112605