0 0.290644 0.110084 0.161319 0.132773
0 0.653611 0.177311 0.152356 0.139496
0 0.261069 0.387395 0.148772 0.078992
0 0.456444 0.373950 0.159526 0.105882
0 0.779081 0.364706 0.152356 0.097479
0 0.719035 0.451261 0.154149 0.112605
0 0.699318 0.679832 0.146979 0.115966
0 0.629413 0.563025 0.143394 0.114286
0 0.555028 0.416807 0.109338 0.121008
0 0.227909 0.731092 0.143394 0.124370
0 0.349794 0.775630 0.114715 0.115966
0 0.298710 0.584874 0.098584 0.094118
0 0.409841 0.510924 0.134432 0.087395
0 0.494085 0.648739 0.123678 0.107563
0 0.397294 0.622689 0.091414 0.115966
0 0.758468 0.568067 0.129055 0.107563