0 0.327713 0.268908 0.162394 0.107563
0 0.649701 0.329412 0.149327 0.114286
0 0.305314 0.508403 0.121329 0.078992
0 0.250250 0.795798 0.126928 0.109244
0 0.373445 0.849580 0.108262 0.095798
0 0.313714 0.676471 0.104529 0.092437
0 0.403310 0.714286 0.104529 0.087395
0 0.493840 0.732773 0.106396 0.100840
0 0.661834 0.763025 0.136261 0.094118
0 0.622635 0.668067 0.113862 0.092437
0 0.415443 0.611765 0.106396 0.084034
0 0.480774 0.499160 0.110129 0.094118
0 0.560104 0.542857 0.141861 0.090756
0 0.757030 0.492437 0.143728 0.100840
0 0.708498 0.566387 0.121329 0.097479
0 0.741164 0.665546 0.108262 0.087395