0 0.301008 0.189076 0.116527 0.085714
0 0.632661 0.224370 0.121008 0.089076
0 0.443305 0.289076 0.114286 0.087395
0 0.320056 0.321849 0.118768 0.085714
0 0.768235 0.352101 0.123249 0.075630
0 0.283081 0.418487 0.134454 0.070588
0 0.725658 0.437815 0.109804 0.078992
0 0.779440 0.547899 0.114286 0.077311
0 0.713333 0.631933 0.103081 0.087395
0 0.625938 0.731933 0.116527 0.085714
0 0.406330 0.700000 0.098599 0.082353
0 0.289804 0.664706 0.125490 0.089076
0 0.450028 0.617647 0.100840 0.078992
0 0.549748 0.540336 0.116527 0.078992
0 0.546387 0.423529 0.105322 0.084034
0 0.439944 0.395798 0.112045 0.082353
0 0.652829 0.526891 0.112045 0.085714
0 0.410812 0.510924 0.107563 0.080672
0 0.359272 0.563866 0.112045 0.078992
0 0.610252 0.628571 0.103081 0.080672