0 0.798545 0.116807 0.156922 0.119328
0 0.930948 0.412605 0.127499 0.115966
0 0.848564 0.603361 0.111807 0.100840
0 0.199298 0.406723 0.147115 0.117647
0 0.534719 0.255462 0.115730 0.114286
0 0.373874 0.371429 0.143192 0.114286
0 0.237547 0.525210 0.133384 0.109244
0 0.674968 0.397479 0.152999 0.089076
0 0.670065 0.476471 0.115730 0.092437
0 0.744603 0.605882 0.107884 0.102521
0 0.657315 0.700840 0.125538 0.110924
0 0.583757 0.610924 0.131422 0.099160
0 0.429777 0.554622 0.117692 0.094118
0 0.506277 0.415966 0.129461 0.112605
0 0.397412 0.463866 0.131422 0.094118
0 0.522950 0.712605 0.151038 0.114286