0 0.694286 0.199160 0.132213 0.095798
0 0.474678 0.361345 0.141176 0.097479
0 0.890364 0.450420 0.121008 0.087395
0 0.633781 0.465546 0.145658 0.087395
0 0.325658 0.504202 0.129972 0.090756
0 0.136302 0.552941 0.177031 0.087395
0 0.204650 0.658824 0.179272 0.114286
0 0.374958 0.587395 0.143417 0.092437
0 0.471316 0.518487 0.143417 0.092437
0 0.658431 0.550420 0.136695 0.089076
0 0.844426 0.631092 0.100840 0.082353
0 0.540784 0.778992 0.147899 0.102521
0 0.425378 0.654622 0.132213 0.089076
0 0.595686 0.683193 0.114286 0.095798
0 0.689804 0.744538 0.118768 0.094118
0 0.751429 0.648739 0.107563 0.080672