3 0.811989 0.574000 0.031972 0.062615
3 0.773283 0.485318 0.038498 0.057788
3 0.578863 0.388099 0.039964 0.040853
3 0.699469 0.457707 0.039944 0.054392
3 0.711412 0.618117 0.035968 0.049734
3 0.436054 0.328619 0.026263 0.056027
3 0.545757 0.317940 0.036451 0.053286
3 0.655279 0.324868 0.036334 0.053543
3 0.702087 0.310835 0.041297 0.053286
3 0.399689 0.261989 0.033304 0.072824
3 0.528242 0.434281 0.050622 0.044405
3 0.702087 0.505329 0.030639 0.065719
3 0.887922 0.534636 0.050622 0.035524
3 0.912567 0.545293 0.046625 0.046181
3 0.700755 0.647425 0.038632 0.051510
3 0.796670 0.746004 0.035968 0.063943
3 0.716075 0.760213 0.047957 0.049734
3 0.504263 0.513321 0.034636 0.060391
3 0.563543 0.535524 0.041297 0.055062
3 0.532238 0.579929 0.053286 0.044405
3 0.578863 0.623446 0.034636 0.060391
3 0.563543 0.673179 0.035968 0.060391
3 0.544893 0.683837 0.030639 0.067496
3 0.412345 0.730906 0.047957 0.058615