2 0.277797 0.336590 0.063943 0.044405
2 0.344405 0.308171 0.039964 0.079929
2 0.458970 0.348135 0.047957 0.056838
2 0.582860 0.345471 0.055950 0.047957
2 0.506261 0.428952 0.054618 0.055062
2 0.620826 0.446714 0.041297 0.065719
2 0.736057 0.513321 0.050622 0.056838
2 0.646137 0.539964 0.030639 0.078153
2 0.454973 0.490231 0.047957 0.060391
2 0.430329 0.572824 0.046625 0.069272
2 0.495604 0.595027 0.051954 0.056838
2 0.668783 0.683837 0.049290 0.074600
2 0.544893 0.731794 0.038632 0.074600
2 0.512922 0.698934 0.035968 0.072824
2 0.490941 0.765542 0.031972 0.067496
2 0.683437 0.834813 0.057282 0.060391
2 0.343739 0.832149 0.049290 0.065719