3 0.341741 0.169627 0.034636 0.076377
3 0.371048 0.232682 0.026643 0.063943
3 0.488277 0.214920 0.058615 0.067496
3 0.610169 0.215808 0.051954 0.055062
3 0.531572 0.293073 0.057282 0.056838
3 0.480284 0.341030 0.050622 0.056838
3 0.647469 0.312611 0.038632 0.074600
3 0.758037 0.384547 0.049290 0.062167
3 0.670115 0.406750 0.033304 0.074600
3 0.451643 0.428952 0.033304 0.069272
3 0.516252 0.452931 0.045293 0.074600
3 0.683437 0.553286 0.046625 0.076377
3 0.700755 0.704263 0.059947 0.047957
3 0.524911 0.549734 0.035968 0.069272
3 0.560213 0.593250 0.050622 0.081705
3 0.497602 0.620782 0.037300 0.079929
3 0.344405 0.679396 0.050622 0.072824