3 0.273135 0.258437 0.035968 0.072824
3 0.316430 0.319716 0.021314 0.078153
3 0.422336 0.312611 0.049290 0.049734
3 0.536234 0.321492 0.050622 0.046181
3 0.592851 0.300178 0.046625 0.053286
3 0.786012 0.530195 0.038632 0.044405
3 0.810657 0.531972 0.039964 0.047957
3 0.675444 0.483126 0.059947 0.046181
3 0.590853 0.455595 0.026643 0.062167
3 0.592185 0.506217 0.034636 0.060391
3 0.709414 0.568384 0.029307 0.063943
3 0.601510 0.598579 0.039964 0.056838
3 0.596181 0.633215 0.042629 0.062167
3 0.680107 0.714920 0.023979 0.055062
3 0.601510 0.720249 0.042629 0.044405
3 0.467629 0.386323 0.049290 0.047957
3 0.419671 0.433393 0.043961 0.042629
3 0.396359 0.503552 0.037300 0.051510
3 0.454307 0.524867 0.046625 0.047957
3 0.432993 0.562167 0.046625 0.044405
3 0.474956 0.600355 0.034636 0.056838
3 0.466963 0.643872 0.039964 0.055062
3 0.446980 0.651865 0.023979 0.060391
3 0.331083 0.686501 0.037300 0.047957