3 0.434325 0.157194 0.046625 0.079929
3 0.476954 0.225577 0.027975 0.074600
3 0.598179 0.204263 0.046625 0.060391
3 0.722735 0.206039 0.050622 0.063943
3 0.648135 0.287744 0.045293 0.067496
3 0.759369 0.308171 0.038632 0.076377
3 0.873268 0.380995 0.050622 0.062167
3 0.784014 0.400533 0.045293 0.069272
3 0.590853 0.341030 0.053286 0.053286
3 0.564876 0.430728 0.043961 0.069272
3 0.634813 0.452043 0.066607 0.051510
3 0.798002 0.544405 0.043961 0.076377
3 0.645471 0.550622 0.029307 0.071048
3 0.677442 0.593250 0.037300 0.071048
3 0.816652 0.693606 0.059947 0.058615
3 0.471625 0.683837 0.046625 0.060391
3 0.620826 0.623446 0.027975 0.074600