3 0.572745 0.396757 0.046166 0.041701
3 0.466135 0.272647 0.051163 0.069272
3 0.476489 0.168739 0.037763 0.081705
3 0.661650 0.549734 0.037763 0.076377
3 0.726213 0.595915 0.066999 0.037300
3 0.481362 0.502664 0.047508 0.056838
3 0.558106 0.519538 0.028018 0.076377
3 0.414972 0.534636 0.034109 0.074600
3 0.452735 0.630551 0.041417 0.074600
3 0.399136 0.637655 0.048726 0.056838
3 0.203012 0.627886 0.046290 0.044405
3 0.339446 0.746892 0.048726 0.079929
3 0.366246 0.759325 0.024363 0.076377
3 0.409491 0.740675 0.049945 0.060391
3 0.622060 0.733570 0.048726 0.053286
3 0.590997 0.783304 0.052381 0.060391
3 0.667741 0.858792 0.052381 0.044405
3 0.525216 0.897869 0.020709 0.097691
3 0.500244 0.912078 0.019491 0.083481
3 0.652514 0.977798 0.034109 0.044404