3 0.399023 0.126998 0.042629 0.076377
3 0.440320 0.196270 0.026643 0.072824
3 0.562211 0.166963 0.059947 0.056838
3 0.688099 0.175844 0.061279 0.060391
3 0.610835 0.248668 0.045293 0.060391
3 0.724067 0.269982 0.042629 0.067496
3 0.839298 0.342806 0.059947 0.060391
3 0.750710 0.369449 0.042629 0.088810
3 0.766030 0.507993 0.057282 0.085258
3 0.792673 0.658970 0.057282 0.053286
3 0.647469 0.551510 0.049290 0.083481
3 0.548224 0.301066 0.053286 0.079929
3 0.520249 0.391652 0.047957 0.065719
3 0.593517 0.411190 0.061279 0.055062
3 0.608837 0.512433 0.025311 0.090586
3 0.578863 0.580817 0.039964 0.081705
3 0.426332 0.649201 0.049290 0.065719