3 0.297114 0.212256 0.033304 0.083481
3 0.320426 0.293073 0.029307 0.088810
3 0.440986 0.273535 0.041297 0.081705
3 0.566208 0.269094 0.049290 0.072824
3 0.485613 0.341918 0.045293 0.055062
3 0.599512 0.365897 0.035968 0.071048
3 0.716741 0.436945 0.049290 0.056838
3 0.624822 0.459147 0.033304 0.069272
3 0.433659 0.398757 0.050622 0.062167
3 0.407682 0.484014 0.035968 0.065719
3 0.469627 0.509769 0.050622 0.056838
3 0.640142 0.606572 0.045293 0.072824
3 0.482282 0.610124 0.025311 0.076377
3 0.513588 0.648313 0.037300 0.067496
3 0.658126 0.765542 0.046625 0.053286
3 0.454973 0.678508 0.037300 0.071048
3 0.303774 0.742451 0.043961 0.071048