2 0.264476 0.242451 0.029307 0.069272
2 0.257815 0.313499 0.037300 0.072824
2 0.403686 0.283304 0.049290 0.062167
2 0.529574 0.277087 0.058615 0.049734
2 0.453641 0.362345 0.055950 0.053286
2 0.573535 0.379218 0.034636 0.083481
2 0.688099 0.446714 0.053286 0.065719
2 0.598845 0.480462 0.047957 0.069272
2 0.400355 0.428952 0.050622 0.065719
2 0.375710 0.513321 0.035968 0.078153
2 0.440986 0.538188 0.054618 0.060391
2 0.616163 0.620782 0.050622 0.076377
2 0.459636 0.639432 0.030639 0.078153
2 0.494938 0.676732 0.034636 0.078153
2 0.641474 0.781528 0.055950 0.063943
2 0.287123 0.779751 0.053286 0.067496