2 0.322424 0.219361 0.043961 0.079929
2 0.390364 0.314387 0.065275 0.071048
2 0.480950 0.338366 0.057282 0.065719
2 0.606172 0.332149 0.054618 0.049734
2 0.532904 0.411190 0.046625 0.051510
2 0.480284 0.468917 0.047957 0.063943
2 0.646137 0.428064 0.041297 0.078153
2 0.757371 0.492007 0.061279 0.060391
2 0.674112 0.523979 0.038632 0.078153
2 0.456305 0.559503 0.045293 0.071048
2 0.520915 0.579929 0.043961 0.058615
2 0.692762 0.666963 0.046625 0.069272
2 0.536234 0.679396 0.026643 0.069272
2 0.571536 0.714920 0.038632 0.072824
2 0.712744 0.816163 0.057282 0.051510
2 0.515586 0.744227 0.038632 0.081705
2 0.374378 0.814387 0.049290 0.069272