3 0.821314 0.142096 0.055950 0.053286
3 0.632149 0.302842 0.042629 0.058615
3 0.576199 0.332149 0.053286 0.053286
3 0.458304 0.333037 0.043961 0.062167
3 0.339076 0.330373 0.023979 0.067496
3 0.317096 0.332149 0.041297 0.063943
3 0.296448 0.304618 0.039964 0.062167
3 0.505595 0.407638 0.053286 0.055062
3 0.452975 0.462700 0.051954 0.051510
3 0.640808 0.464476 0.033304 0.058615
3 0.643472 0.523091 0.041297 0.062167
3 0.722735 0.495560 0.055950 0.049734
3 0.776687 0.580817 0.030639 0.071048
3 0.856616 0.528419 0.054618 0.047957
3 0.889254 0.527531 0.053286 0.049734
3 0.764698 0.772647 0.025311 0.074600
3 0.678774 0.793073 0.050622 0.044405
3 0.651465 0.676732 0.038632 0.067496
3 0.658126 0.635879 0.046625 0.063943
3 0.518916 0.659858 0.026643 0.065719
3 0.500266 0.556838 0.042629 0.044405
3 0.434325 0.547069 0.027975 0.060391
3 0.476288 0.555062 0.042629 0.051510
3 0.464964 0.625222 0.041297 0.060391
3 0.454307 0.670515 0.049290 0.040853
3 0.490275 0.723801 0.025311 0.062167
3 0.506927 0.709591 0.039964 0.047957
3 0.355062 0.787744 0.039964 0.062167