2 0.433271 0.345507 0.040726 0.045581
2 0.657700 0.543557 0.036834 0.042887
2 0.581154 0.677740 0.042210 0.080221
2 0.410560 0.461420 0.036573 0.033230
2 0.586237 0.510412 0.030545 0.059105
2 0.543561 0.364207 0.043961 0.046932
2 0.282240 0.274805 0.030464 0.064348
2 0.690649 0.641266 0.026327 0.062981
2 0.453198 0.659473 0.031085 0.055832
2 0.459795 0.432517 0.036533 0.050092
2 0.436092 0.566421 0.044865 0.050923
2 0.313175 0.339824 0.025360 0.068948
2 0.592529 0.353115 0.046329 0.052762
2 0.386175 0.540853 0.043576 0.058615
2 0.771359 0.611901 0.043961 0.044405
2 0.801332 0.622558 0.050622 0.055062
2 0.658126 0.796625 0.027975 0.051510
2 0.575533 0.793961 0.043961 0.039076
2 0.409014 0.610124 0.043961 0.047957
2 0.416341 0.703375 0.023979 0.060391
2 0.435657 0.693606 0.043961 0.055062
2 0.292451 0.725577 0.039964 0.047957