3 0.191373 0.243339 0.050406 0.060391
3 0.215856 0.280639 0.050406 0.067496
3 0.246100 0.280639 0.024483 0.078153
3 0.385075 0.297513 0.046085 0.051510
3 0.519010 0.300178 0.057606 0.053286
3 0.805602 0.149201 0.069128 0.049734
3 0.585258 0.282416 0.051846 0.060391
3 0.590298 0.454707 0.036004 0.071048
3 0.589578 0.515098 0.051846 0.071048
3 0.676708 0.489343 0.064807 0.055062
3 0.733594 0.596803 0.040325 0.063943
3 0.833685 0.542629 0.047525 0.055062
3 0.863209 0.545293 0.063367 0.053286
3 0.603980 0.642984 0.043205 0.056838
3 0.594619 0.681172 0.047525 0.062167
3 0.608300 0.809947 0.066247 0.039076
3 0.713432 0.791297 0.034564 0.072824
3 0.439801 0.655417 0.040325 0.060391
3 0.433321 0.385435 0.053286 0.056838
3 0.371394 0.436945 0.050406 0.056838
3 0.422519 0.536412 0.051846 0.042629
3 0.344031 0.529307 0.033124 0.056838
3 0.393716 0.540853 0.051846 0.055062
3 0.373554 0.612789 0.046085 0.060391
3 0.360592 0.660746 0.060487 0.035524
3 0.398757 0.719361 0.030243 0.067496
3 0.426120 0.708703 0.047525 0.063943
3 0.238179 0.780639 0.051846 0.062167