3 0.309788 0.194540 0.031840 0.071244
3 0.336910 0.251535 0.022406 0.064120
3 0.450118 0.241739 0.053066 0.055214
3 0.561557 0.247082 0.049528 0.058777
3 0.618160 0.225709 0.047170 0.055214
3 0.619929 0.378885 0.027123 0.076588
3 0.621698 0.444786 0.037736 0.073026
3 0.701297 0.412726 0.048349 0.062339
3 0.845165 0.471502 0.045991 0.048090
3 0.869929 0.479517 0.048349 0.056996
3 0.759080 0.527607 0.034198 0.092618
3 0.638797 0.582822 0.043632 0.064120
3 0.631132 0.617553 0.042453 0.065901
3 0.755542 0.757370 0.029481 0.106867
3 0.651769 0.776963 0.057783 0.060558
3 0.487264 0.312093 0.042453 0.053433
3 0.432429 0.367307 0.048349 0.056996
3 0.404127 0.448348 0.034198 0.076588
3 0.463679 0.475064 0.047170 0.051652
3 0.434198 0.532951 0.049528 0.049871
3 0.484906 0.589055 0.035377 0.076588
3 0.466627 0.647832 0.043632 0.073026
3 0.440094 0.665643 0.028302 0.083712
3 0.276769 0.738669 0.053066 0.065901