2 0.312736 0.143209 0.025943 0.084503
2 0.338679 0.206117 0.035377 0.078870
2 0.452476 0.196728 0.050708 0.052580
2 0.563325 0.203300 0.041274 0.058213
2 0.615212 0.185460 0.038915 0.060091
2 0.615802 0.346955 0.033019 0.082625
2 0.619340 0.410802 0.033019 0.078870
2 0.698349 0.389207 0.042453 0.065725
2 0.491391 0.273719 0.050708 0.063847
2 0.431250 0.326299 0.043632 0.060091
2 0.401179 0.411741 0.037736 0.088259
2 0.461321 0.443665 0.047170 0.061969
2 0.753184 0.502817 0.034198 0.078870
2 0.837500 0.448359 0.042453 0.048824
2 0.864033 0.453993 0.045991 0.063847
2 0.632901 0.553519 0.041274 0.071358
2 0.624646 0.593892 0.041274 0.069480
2 0.641156 0.756326 0.055425 0.060091
2 0.744929 0.741303 0.031840 0.093892
2 0.428891 0.505634 0.055425 0.054458
2 0.480189 0.559152 0.035377 0.078870
2 0.461321 0.624877 0.040094 0.082625
2 0.435967 0.640839 0.024764 0.092015
2 0.275590 0.702808 0.055425 0.073236