2 0.584858 0.303730 0.041297 0.053286
2 0.528908 0.331261 0.054618 0.044405
2 0.411678 0.315275 0.038632 0.051510
2 0.258481 0.255773 0.041297 0.063943
2 0.301776 0.322380 0.026643 0.058615
2 0.456305 0.391652 0.042629 0.047957
2 0.580861 0.461812 0.027975 0.060391
2 0.583526 0.509769 0.046625 0.053286
2 0.656794 0.493783 0.049290 0.049734
2 0.696092 0.586146 0.029307 0.056838
2 0.774023 0.540853 0.054618 0.033748
2 0.801332 0.549734 0.047957 0.040853
2 0.590186 0.610124 0.049290 0.047957
2 0.582860 0.640320 0.045293 0.055062
2 0.668117 0.728242 0.034636 0.067496
2 0.589520 0.734458 0.047957 0.040853
2 0.405684 0.434281 0.050622 0.047957
2 0.383703 0.507105 0.033304 0.051510
2 0.440986 0.531083 0.049290 0.046181
2 0.417007 0.574600 0.046625 0.040853
2 0.460302 0.612789 0.026643 0.056838
2 0.452975 0.652753 0.043961 0.051510
2 0.431661 0.660746 0.019982 0.078153
2 0.311767 0.696270 0.041297 0.046181