2 0.241829 0.285080 0.039964 0.058615
2 0.280462 0.346359 0.029307 0.067496
2 0.388366 0.338366 0.042629 0.047957
2 0.502931 0.343694 0.047957 0.040853
2 0.548890 0.325044 0.038632 0.053286
2 0.553552 0.476909 0.023979 0.055062
2 0.554885 0.522202 0.037300 0.056838
2 0.626155 0.504440 0.049290 0.042629
2 0.670115 0.589698 0.033304 0.063943
2 0.747380 0.547957 0.049290 0.044405
2 0.773357 0.556838 0.061279 0.037300
2 0.563543 0.623446 0.038632 0.053286
2 0.560879 0.647425 0.035968 0.051510
2 0.640808 0.727353 0.033304 0.055062
2 0.568206 0.739787 0.042629 0.037300
2 0.433659 0.406750 0.050622 0.039076
2 0.384369 0.453819 0.039964 0.040853
2 0.367051 0.523979 0.031972 0.053286
2 0.421004 0.546181 0.041297 0.047957
2 0.396359 0.587034 0.047957 0.044405
2 0.440986 0.618117 0.033304 0.049734
2 0.432993 0.658970 0.033304 0.046181
2 0.413677 0.664298 0.021314 0.063943
2 0.303108 0.703375 0.034636 0.063943