3 0.385702 0.124334 0.037300 0.085258
3 0.421670 0.191829 0.034636 0.078153
3 0.545559 0.163410 0.063943 0.060391
3 0.668117 0.169627 0.069272 0.051510
3 0.704751 0.266430 0.038632 0.074600
3 0.821314 0.338366 0.053286 0.055062
3 0.730728 0.365009 0.039964 0.069272
3 0.584192 0.241563 0.066607 0.053286
3 0.531572 0.301954 0.051954 0.056838
3 0.505595 0.382771 0.037300 0.072824
3 0.570870 0.410302 0.055950 0.049734
3 0.583526 0.510657 0.030639 0.076377
3 0.619494 0.549734 0.038632 0.087034
3 0.744050 0.508881 0.058615 0.072824
3 0.766030 0.665187 0.054618 0.069272
3 0.556217 0.579929 0.037300 0.072824
3 0.401021 0.644760 0.054618 0.081705