2 0.315764 0.230018 0.027975 0.058615
2 0.345071 0.285080 0.019982 0.062167
2 0.457638 0.274423 0.042629 0.040853
2 0.566208 0.282416 0.038632 0.053286
2 0.617496 0.262877 0.042629 0.049734
2 0.491607 0.338366 0.054618 0.044405
2 0.438988 0.382771 0.047957 0.047957
2 0.412345 0.453819 0.037300 0.065719
2 0.472291 0.482238 0.050622 0.044405
2 0.443650 0.523979 0.049290 0.046181
2 0.298446 0.694494 0.051954 0.060391
2 0.452975 0.640320 0.038632 0.069272
2 0.472957 0.628774 0.035968 0.071048
2 0.490275 0.570160 0.033304 0.067496
2 0.618828 0.396980 0.026643 0.062167
2 0.620160 0.450266 0.037300 0.065719
2 0.698091 0.428952 0.051954 0.058615
2 0.746714 0.521314 0.031972 0.069272
2 0.825977 0.477798 0.041297 0.046181
2 0.849289 0.481350 0.047957 0.053286
2 0.636146 0.564831 0.037300 0.056838
2 0.628153 0.598579 0.039964 0.060391
2 0.644805 0.724689 0.049290 0.049734
2 0.743384 0.707815 0.027975 0.069272