2 0.428330 0.133215 0.037300 0.078153
2 0.465631 0.201599 0.026643 0.094139
2 0.585524 0.181172 0.053286 0.056838
2 0.709414 0.185613 0.058615 0.062167
2 0.635480 0.257549 0.049290 0.060391
2 0.750044 0.285080 0.033304 0.076377
2 0.861945 0.354352 0.051954 0.051510
2 0.772025 0.377442 0.042629 0.083481
2 0.582860 0.313499 0.058615 0.051510
2 0.552886 0.397869 0.041297 0.063943
2 0.618828 0.426288 0.050622 0.053286
2 0.788677 0.517762 0.043961 0.069272
2 0.630817 0.524867 0.031972 0.079929
2 0.663455 0.565719 0.038632 0.069272
2 0.807993 0.674067 0.061279 0.055062
2 0.605506 0.590586 0.042629 0.065719
2 0.452309 0.653641 0.045293 0.063943